Givens rotation QR-decomposition
A=
-74.89	-7.90	-83.52	-80.44	-75.09	-15.27	-82.25	-12.61	-78.80	-49.03	
-88.59	-86.34	-38.09	-34.61	-88.11	-97.76	-86.50	-36.94	-74.27	-90.33	
-78.00	-51.12	-20.61	-48.09	-19.66	-69.76	-98.16	-51.91	-67.28	-89.28	
-15.38	-16.14	-68.19	-15.85	-71.44	-72.23	-64.79	-97.60	-17.68	-97.28	
-96.46	-63.19	-10.26	-24.32	-66.78	-98.09	-56.94	-25.52	-36.76	-62.19	
-24.12	-49.68	-11.39	-39.96	-36.38	-23.76	-87.19	-35.43	-60.78	-5.33	
-17.01	-30.34	-45.24	-89.42	-33.65	-72.46	-18.15	-22.24	-63.07	-15.88	
-32.96	-88.80	-19.26	-76.89	-93.77	-14.81	-40.86	-96.19	-81.20	-21.47	
-12.82	-72.65	-15.15	-5.09	-65.16	-65.60	4.74	-28.22	-79.37	-47.67	
-84.94	-29.36	-36.82	-12.34	-80.27	-66.12	-17.95	-20.75	-90.57	-94.23	
b=
79.9361458888446
34.6997108224312
62.3465112070304
20.8733348202302
29.222258966799
35.2252021284891
30.4178444760003
34.4030946014929
46.0985012695186
21.5649581839167
Ax=
79.9361458888446
34.6997108224309
62.3465112070303
20.8733348202302
29.2222589667989
35.2252021284891
30.4178444760001
34.4030946014929
46.0985012695185
21.5649581839169
x=-6.17  -4.20  -10.69  6.00  6.94  -0.20  2.23  -4.69  -1.76  6.56  
A*x=b within eps=1e-6
The elementwise difference :
-5.6843418860808E-14
3.19744231092045E-13
1.06581410364015E-13
0
1.13686837721616E-13
-1.4210854715202E-14
2.38031816479634E-13
2.8421709430404E-14
1.06581410364015E-13
-1.95399252334028E-13
