    -2.969     -0.99997311
    -2.906     -0.99996042
    -2.844     -0.99994219
    -2.781     -0.99991617
    -2.719     -0.99987935
    -2.656     -0.99982764
    -2.594     -0.99975559
    -2.531     -0.99965597
    -2.469     -0.99951931
    -2.406     -0.99933328
    -2.344     -0.99908202
    -2.281     -0.99874531
    -2.219     -0.99829758
    -2.156     -0.99770686
    -2.094     -0.99693354
    -2.031     -0.99592905
    -1.969     -0.99463443
    -1.906     -0.99297886
    -1.844     -0.99087816
    -1.781     -0.98823337
    -1.719     -0.98492946
    -1.656     -0.98083428
    -1.594     -0.97579780
    -1.531     -0.96965180
    -1.469     -0.96221021
    -1.406     -0.95326999
    -1.344     -0.94261286
    -1.281     -0.93000791
    -1.219     -0.91521507
    -1.156     -0.89798963
    -1.094     -0.87808754
    -1.031     -0.85527173
    -0.969     -0.82931903
    -0.906     -0.80002776
    -0.844     -0.76722553
    -0.781     -0.73077720
    -0.719     -0.69059244
    -0.656     -0.64663274
    -0.594     -0.59891749
    -0.531     -0.54752858
    -0.469     -0.49261360
    -0.406     -0.43438699
    -0.344     -0.37312918
    -0.281     -0.30918363
    -0.219     -0.24295157
    -0.156     -0.17488481
    -0.094     -0.10547651
    -0.031     -0.03525050
     0.031      0.03525050
     0.094      0.10547651
     0.156      0.17488481
     0.219      0.24295157
     0.281      0.30918363
     0.344      0.37312918
     0.406      0.43438699
     0.469      0.49261360
     0.531      0.54752858
     0.594      0.59891749
     0.656      0.64663274
     0.719      0.69059244
     0.781      0.73077720
     0.844      0.76722553
     0.906      0.80002776
     0.969      0.82931903
     1.031      0.85527173
     1.094      0.87808754
     1.156      0.89798963
     1.219      0.91521507
     1.281      0.93000791
     1.344      0.94261286
     1.406      0.95326999
     1.469      0.96221021
     1.531      0.96965180
     1.594      0.97579780
     1.656      0.98083428
     1.719      0.98492946
     1.781      0.98823337
     1.844      0.99087816
     1.906      0.99297886
     1.969      0.99463443
     2.031      0.99592905
     2.094      0.99693354
     2.156      0.99770686
     2.219      0.99829758
     2.281      0.99874531
     2.344      0.99908202
     2.406      0.99933328
     2.469      0.99951931
     2.531      0.99965597
     2.594      0.99975559
     2.656      0.99982764
     2.719      0.99987935
     2.781      0.99991617
     2.844      0.99994219
     2.906      0.99996042
     2.969      0.99997311
