     1.000         0.999999999796444         1.000000000000000
     2.000         0.999999999796444         1.000000000000000
     3.000         1.999999999592890         2.000000000000000
     4.000         5.999999998778670         6.000000000000000
     5.000        23.999999995114700        24.000000000000000
     6.000       119.999999975573000       120.000000000000000
     7.000       719.999999853440000       720.000000000000000
     8.000      5039.999998974080000      5040.000000000000000
     9.000     40319.999991792600000     40320.000000000000000
    10.000    362879.999926134000000    362880.000000000000000
    11.000   3628799.999261340000000   3628800.000000000000000
    12.000  39916799.991874700000000  39916800.000000000000000
    13.000 479001599.902496000000000 479001600.000000000000000
    14.000 6227020798.732450000000000 6227020800.000000000000000
    15.000 87178291182.254300000000000 87178291200.000000000000000
    16.000 1307674367733.820000000000000 1307674368000.000000000000000
    17.000 20922789883741.000000000000000 20922789888000.000000000000000
    18.000 355687428023598.000000000000000 355687428096000.000000000000000
    19.000 6402373704424760.000000000000000 6402373705728000.000000000000000
    20.000 121645100384070000.000000000000000 121645100408832000.000000000000000
    21.000 2432902007788530000.000000000000000 2432902008176640000.000000000000000
    22.000 51090942165249800000.000000000000000 51090942171709400000.000000000000000
    23.000 1124000727663800000000.000000000000000 1124000727777610000000.000000000000000
    24.000 25852016736769000000000.000000000000000 25852016738885000000000.000000000000000
    25.000 620448401691821000000000.000000000000000 620448401733239000000000.000000000000000
    26.000 15511210042479800000000000.000000000000000 15511210043331000000000000.000000000000000
    27.000 403291461108283000000000000.000000000000000 403291461126606000000000000.000000000000000
    28.000 10888869450005700000000000000.000000000000000 10888869450418400000000000000.000000000000000
    29.000 304888344602023000000000000000.000000000000000 304888344611714000000000000000.000000000000000
    30.000 8841761993502400000000000000000.000000000000000 8841761993739700000000000000000.000000000000000
    31.000 265252859806147000000000000000000.000000000000000 265252859812191000000000000000000.000000000000000
    32.000 8222838654018160000000000000000000.000000000000000 8222838654177920000000000000000000.000000000000000
    33.000 263130836929309000000000000000000000.000000000000000 263130836933694000000000000000000000.000000000000000
    34.000 8683317618687360000000000000000000000.000000000000000 8683317618811890000000000000000000000.000000000000000
    35.000 295232799035938000000000000000000000000.000000000000000 295232799039604000000000000000000000000.000000000000000
    36.000 10333147966274700000000000000000000000000.000000000000000 10333147966386100000000000000000000000000.000000000000000
    37.000 371993326786401000000000000000000000000000.000000000000000 371993326789901000000000000000000000000000.000000000000000
    38.000 13763753091113100000000000000000000000000000.000000000000000 13763753091226300000000000000000000000000000.000000000000000
    39.000 523022617462816000000000000000000000000000000.000000000000000 523022617466601000000000000000000000000000000.000000000000000
    40.000 20397882081067300000000000000000000000000000000.000000000000000 20397882081197400000000000000000000000000000000.000000000000000
    41.000 815915283243303000000000000000000000000000000000.000000000000000 815915283247898000000000000000000000000000000000.000000000000000
    42.000 33452526612996600000000000000000000000000000000000.000000000000000 33452526613163800000000000000000000000000000000000.000000000000000
    43.000 1405006117746630000000000000000000000000000000000000.000000000000000 1405006117752880000000000000000000000000000000000000.000000000000000
    44.000 60415263063134600000000000000000000000000000000000000.000000000000000 60415263063373800000000000000000000000000000000000000.000000000000000
    45.000 2658271574779090000000000000000000000000000000000000000.000000000000000 2658271574788450000000000000000000000000000000000000000.000000000000000
    46.000 119622220865100000000000000000000000000000000000000000000.000000000000000 119622220865480000000000000000000000000000000000000000000.000000000000000
    47.000 5502622159796510000000000000000000000000000000000000000000.000000000000000 5502622159812090000000000000000000000000000000000000000000.000000000000000
    48.000 258623241510510000000000000000000000000000000000000000000000.000000000000000 258623241511168000000000000000000000000000000000000000000000.000000000000000
    49.000 12413915592507400000000000000000000000000000000000000000000000.000000000000000 12413915592536100000000000000000000000000000000000000000000000.000000000000000
    50.000 608281864032994000000000000000000000000000000000000000000000000.000000000000000 608281864034268000000000000000000000000000000000000000000000000.000000000000000
    51.000 30414093201656000000000000000000000000000000000000000000000000000.000000000000000 30414093201713400000000000000000000000000000000000000000000000000.000000000000000
    52.000 1551118753284720000000000000000000000000000000000000000000000000000.000000000000000 1551118753287380000000000000000000000000000000000000000000000000000.000000000000000
    53.000 80658175170816600000000000000000000000000000000000000000000000000000.000000000000000 80658175170943900000000000000000000000000000000000000000000000000000.000000000000000
    54.000 4274883284054050000000000000000000000000000000000000000000000000000000.000000000000000 4274883284060030000000000000000000000000000000000000000000000000000000.000000000000000
    55.000 230843697338944000000000000000000000000000000000000000000000000000000000.000000000000000 230843697339241000000000000000000000000000000000000000000000000000000000.000000000000000
    56.000 12696403353643500000000000000000000000000000000000000000000000000000000000.000000000000000 12696403353658300000000000000000000000000000000000000000000000000000000000.000000000000000
    57.000 710998587804107000000000000000000000000000000000000000000000000000000000000.000000000000000 710998587804863000000000000000000000000000000000000000000000000000000000000.000000000000000
    58.000 40526919504835500000000000000000000000000000000000000000000000000000000000000.000000000000000 40526919504877200000000000000000000000000000000000000000000000000000000000000.000000000000000
    59.000 2350561331280830000000000000000000000000000000000000000000000000000000000000000.000000000000000 2350561331282880000000000000000000000000000000000000000000000000000000000000000.000000000000000
    60.000 138683118545578000000000000000000000000000000000000000000000000000000000000000000.000000000000000 138683118545690000000000000000000000000000000000000000000000000000000000000000000.000000000000000
    61.000 8320987112734590000000000000000000000000000000000000000000000000000000000000000000.000000000000000 8320987112741390000000000000000000000000000000000000000000000000000000000000000000.000000000000000
    62.000 507580213876876000000000000000000000000000000000000000000000000000000000000000000000.000000000000000 507580213877225000000000000000000000000000000000000000000000000000000000000000000000.000000000000000
    63.000 31469973260367800000000000000000000000000000000000000000000000000000000000000000000000.000000000000000 31469973260387900000000000000000000000000000000000000000000000000000000000000000000000.000000000000000
    64.000 1982608315403180000000000000000000000000000000000000000000000000000000000000000000000000.000000000000000 1982608315404440000000000000000000000000000000000000000000000000000000000000000000000000.000000000000000
    65.000 126886932185812000000000000000000000000000000000000000000000000000000000000000000000000000.000000000000000 126886932185884000000000000000000000000000000000000000000000000000000000000000000000000000.000000000000000
    66.000 8247650592078100000000000000000000000000000000000000000000000000000000000000000000000000000.000000000000000 8247650592082470000000000000000000000000000000000000000000000000000000000000000000000000000.000000000000000
    67.000 544344939077198000000000000000000000000000000000000000000000000000000000000000000000000000000.000000000000000 544344939077443000000000000000000000000000000000000000000000000000000000000000000000000000000.000000000000000
    68.000 36471110918172900000000000000000000000000000000000000000000000000000000000000000000000000000000.000000000000000 36471110918188700000000000000000000000000000000000000000000000000000000000000000000000000000000.000000000000000
    69.000 2480035542435770000000000000000000000000000000000000000000000000000000000000000000000000000000000.000000000000000 2480035542436830000000000000000000000000000000000000000000000000000000000000000000000000000000000.000000000000000
    70.000 171122452428069000000000000000000000000000000000000000000000000000000000000000000000000000000000000.000000000000000 171122452428141000000000000000000000000000000000000000000000000000000000000000000000000000000000000.000000000000000
    71.000 11978571669965800000000000000000000000000000000000000000000000000000000000000000000000000000000000000.000000000000000 11978571669969900000000000000000000000000000000000000000000000000000000000000000000000000000000000000.000000000000000
    72.000 850478588567569000000000000000000000000000000000000000000000000000000000000000000000000000000000000000.000000000000000 850478588567862000000000000000000000000000000000000000000000000000000000000000000000000000000000000000.000000000000000
    73.000 61234458376866700000000000000000000000000000000000000000000000000000000000000000000000000000000000000000.000000000000000 61234458376886100000000000000000000000000000000000000000000000000000000000000000000000000000000000000000.000000000000000
    74.000 4470115461511250000000000000000000000000000000000000000000000000000000000000000000000000000000000000000000.000000000000000 4470115461512680000000000000000000000000000000000000000000000000000000000000000000000000000000000000000000.000000000000000
    75.000 330788544151852000000000000000000000000000000000000000000000000000000000000000000000000000000000000000000000.000000000000000 330788544151939000000000000000000000000000000000000000000000000000000000000000000000000000000000000000000000.000000000000000
    76.000 24809140811389000000000000000000000000000000000000000000000000000000000000000000000000000000000000000000000000.000000000000000 24809140811395400000000000000000000000000000000000000000000000000000000000000000000000000000000000000000000000.000000000000000
    77.000 1885494701665640000000000000000000000000000000000000000000000000000000000000000000000000000000000000000000000000.000000000000000 1885494701666050000000000000000000000000000000000000000000000000000000000000000000000000000000000000000000000000.000000000000000
    78.000 145183092028247000000000000000000000000000000000000000000000000000000000000000000000000000000000000000000000000000.000000000000000 145183092028286000000000000000000000000000000000000000000000000000000000000000000000000000000000000000000000000000.000000000000000
    79.000 11324281178203500000000000000000000000000000000000000000000000000000000000000000000000000000000000000000000000000000.000000000000000 11324281178206300000000000000000000000000000000000000000000000000000000000000000000000000000000000000000000000000000.000000000000000
    80.000 894618213078135000000000000000000000000000000000000000000000000000000000000000000000000000000000000000000000000000000.000000000000000 894618213078297000000000000000000000000000000000000000000000000000000000000000000000000000000000000000000000000000000.000000000000000
    81.000 71569457046250500000000000000000000000000000000000000000000000000000000000000000000000000000000000000000000000000000000.000000000000000 71569457046263800000000000000000000000000000000000000000000000000000000000000000000000000000000000000000000000000000000.000000000000000
    82.000 5797126020746570000000000000000000000000000000000000000000000000000000000000000000000000000000000000000000000000000000000.000000000000000 5797126020747370000000000000000000000000000000000000000000000000000000000000000000000000000000000000000000000000000000000.000000000000000
    83.000 475364333701203000000000000000000000000000000000000000000000000000000000000000000000000000000000000000000000000000000000000.000000000000000 475364333701284000000000000000000000000000000000000000000000000000000000000000000000000000000000000000000000000000000000000.000000000000000
    84.000 39455239697202000000000000000000000000000000000000000000000000000000000000000000000000000000000000000000000000000000000000000.000000000000000 39455239697206600000000000000000000000000000000000000000000000000000000000000000000000000000000000000000000000000000000000000.000000000000000
    85.000 3314240134564720000000000000000000000000000000000000000000000000000000000000000000000000000000000000000000000000000000000000000.000000000000000 3314240134565350000000000000000000000000000000000000000000000000000000000000000000000000000000000000000000000000000000000000000.000000000000000
    86.000 281710411438015000000000000000000000000000000000000000000000000000000000000000000000000000000000000000000000000000000000000000000.000000000000000 281710411438055000000000000000000000000000000000000000000000000000000000000000000000000000000000000000000000000000000000000000000.000000000000000
    87.000 24227095383670500000000000000000000000000000000000000000000000000000000000000000000000000000000000000000000000000000000000000000000.000000000000000 24227095383672700000000000000000000000000000000000000000000000000000000000000000000000000000000000000000000000000000000000000000000.000000000000000
    88.000 2107757298379180000000000000000000000000000000000000000000000000000000000000000000000000000000000000000000000000000000000000000000000.000000000000000 2107757298379530000000000000000000000000000000000000000000000000000000000000000000000000000000000000000000000000000000000000000000000.000000000000000
    89.000 185482642257373000000000000000000000000000000000000000000000000000000000000000000000000000000000000000000000000000000000000000000000000.000000000000000 185482642257398000000000000000000000000000000000000000000000000000000000000000000000000000000000000000000000000000000000000000000000000.000000000000000
    90.000 16507955160906400000000000000000000000000000000000000000000000000000000000000000000000000000000000000000000000000000000000000000000000000.000000000000000 16507955160908500000000000000000000000000000000000000000000000000000000000000000000000000000000000000000000000000000000000000000000000000.000000000000000
    91.000 1485715964481550000000000000000000000000000000000000000000000000000000000000000000000000000000000000000000000000000000000000000000000000000.000000000000000 1485715964481760000000000000000000000000000000000000000000000000000000000000000000000000000000000000000000000000000000000000000000000000000.000000000000000
    92.000 135200152767829000000000000000000000000000000000000000000000000000000000000000000000000000000000000000000000000000000000000000000000000000000.000000000000000 135200152767840000000000000000000000000000000000000000000000000000000000000000000000000000000000000000000000000000000000000000000000000000000.000000000000000
    93.000 12438414054640400000000000000000000000000000000000000000000000000000000000000000000000000000000000000000000000000000000000000000000000000000000.000000000000000 12438414054641300000000000000000000000000000000000000000000000000000000000000000000000000000000000000000000000000000000000000000000000000000000.000000000000000
    94.000 1156772507081580000000000000000000000000000000000000000000000000000000000000000000000000000000000000000000000000000000000000000000000000000000000.000000000000000 1156772507081640000000000000000000000000000000000000000000000000000000000000000000000000000000000000000000000000000000000000000000000000000000000.000000000000000
    95.000 108736615665666000000000000000000000000000000000000000000000000000000000000000000000000000000000000000000000000000000000000000000000000000000000000.000000000000000 108736615665674000000000000000000000000000000000000000000000000000000000000000000000000000000000000000000000000000000000000000000000000000000000000.000000000000000
    96.000 10329978488237900000000000000000000000000000000000000000000000000000000000000000000000000000000000000000000000000000000000000000000000000000000000000.000000000000000 10329978488239100000000000000000000000000000000000000000000000000000000000000000000000000000000000000000000000000000000000000000000000000000000000000.000000000000000
    97.000 991677934870790000000000000000000000000000000000000000000000000000000000000000000000000000000000000000000000000000000000000000000000000000000000000000.000000000000000 991677934870949000000000000000000000000000000000000000000000000000000000000000000000000000000000000000000000000000000000000000000000000000000000000000.000000000000000
    98.000 96192759682483800000000000000000000000000000000000000000000000000000000000000000000000000000000000000000000000000000000000000000000000000000000000000000.000000000000000 96192759682482100000000000000000000000000000000000000000000000000000000000000000000000000000000000000000000000000000000000000000000000000000000000000000.000000000000000
    99.000 9426890448882530000000000000000000000000000000000000000000000000000000000000000000000000000000000000000000000000000000000000000000000000000000000000000000.000000000000000 9426890448883240000000000000000000000000000000000000000000000000000000000000000000000000000000000000000000000000000000000000000000000000000000000000000000.000000000000000
   100.000 933262154439334000000000000000000000000000000000000000000000000000000000000000000000000000000000000000000000000000000000000000000000000000000000000000000000.000000000000000 933262154439441000000000000000000000000000000000000000000000000000000000000000000000000000000000000000000000000000000000000000000000000000000000000000000000.000000000000000
   101.000 93326215443942200000000000000000000000000000000000000000000000000000000000000000000000000000000000000000000000000000000000000000000000000000000000000000000000.000000000000000 93326215443944100000000000000000000000000000000000000000000000000000000000000000000000000000000000000000000000000000000000000000000000000000000000000000000000.000000000000000
   102.000 9425947759837760000000000000000000000000000000000000000000000000000000000000000000000000000000000000000000000000000000000000000000000000000000000000000000000000.000000000000000 9425947759838350000000000000000000000000000000000000000000000000000000000000000000000000000000000000000000000000000000000000000000000000000000000000000000000000.000000000000000
   103.000 961446671503454000000000000000000000000000000000000000000000000000000000000000000000000000000000000000000000000000000000000000000000000000000000000000000000000000.000000000000000 961446671503512000000000000000000000000000000000000000000000000000000000000000000000000000000000000000000000000000000000000000000000000000000000000000000000000000.000000000000000
   104.000 99029007164857500000000000000000000000000000000000000000000000000000000000000000000000000000000000000000000000000000000000000000000000000000000000000000000000000000.000000000000000 99029007164861800000000000000000000000000000000000000000000000000000000000000000000000000000000000000000000000000000000000000000000000000000000000000000000000000000.000000000000000
   105.000 10299016745144900000000000000000000000000000000000000000000000000000000000000000000000000000000000000000000000000000000000000000000000000000000000000000000000000000000.000000000000000 10299016745145600000000000000000000000000000000000000000000000000000000000000000000000000000000000000000000000000000000000000000000000000000000000000000000000000000000.000000000000000
   106.000 1081396758240240000000000000000000000000000000000000000000000000000000000000000000000000000000000000000000000000000000000000000000000000000000000000000000000000000000000.000000000000000 1081396758240290000000000000000000000000000000000000000000000000000000000000000000000000000000000000000000000000000000000000000000000000000000000000000000000000000000000.000000000000000
   107.000 114628056373470000000000000000000000000000000000000000000000000000000000000000000000000000000000000000000000000000000000000000000000000000000000000000000000000000000000000.000000000000000 114628056373471000000000000000000000000000000000000000000000000000000000000000000000000000000000000000000000000000000000000000000000000000000000000000000000000000000000000.000000000000000
   108.000 12265202031961600000000000000000000000000000000000000000000000000000000000000000000000000000000000000000000000000000000000000000000000000000000000000000000000000000000000000.000000000000000 12265202031961400000000000000000000000000000000000000000000000000000000000000000000000000000000000000000000000000000000000000000000000000000000000000000000000000000000000000.000000000000000
   109.000 1324641819451780000000000000000000000000000000000000000000000000000000000000000000000000000000000000000000000000000000000000000000000000000000000000000000000000000000000000000.000000000000000 1324641819451830000000000000000000000000000000000000000000000000000000000000000000000000000000000000000000000000000000000000000000000000000000000000000000000000000000000000000.000000000000000
   110.000 144385958320235000000000000000000000000000000000000000000000000000000000000000000000000000000000000000000000000000000000000000000000000000000000000000000000000000000000000000000.000000000000000 144385958320249000000000000000000000000000000000000000000000000000000000000000000000000000000000000000000000000000000000000000000000000000000000000000000000000000000000000000000.000000000000000
   111.000 15882455415226000000000000000000000000000000000000000000000000000000000000000000000000000000000000000000000000000000000000000000000000000000000000000000000000000000000000000000000.000000000000000 15882455415227400000000000000000000000000000000000000000000000000000000000000000000000000000000000000000000000000000000000000000000000000000000000000000000000000000000000000000000.000000000000000
   112.000 1762952551090240000000000000000000000000000000000000000000000000000000000000000000000000000000000000000000000000000000000000000000000000000000000000000000000000000000000000000000000.000000000000000 1762952551090240000000000000000000000000000000000000000000000000000000000000000000000000000000000000000000000000000000000000000000000000000000000000000000000000000000000000000000000.000000000000000
   113.000 197450685722093000000000000000000000000000000000000000000000000000000000000000000000000000000000000000000000000000000000000000000000000000000000000000000000000000000000000000000000000.000000000000000 197450685722107000000000000000000000000000000000000000000000000000000000000000000000000000000000000000000000000000000000000000000000000000000000000000000000000000000000000000000000000.000000000000000
   114.000 22311927486596000000000000000000000000000000000000000000000000000000000000000000000000000000000000000000000000000000000000000000000000000000000000000000000000000000000000000000000000000.000000000000000 22311927486598100000000000000000000000000000000000000000000000000000000000000000000000000000000000000000000000000000000000000000000000000000000000000000000000000000000000000000000000000.000000000000000
   115.000 2543559733472330000000000000000000000000000000000000000000000000000000000000000000000000000000000000000000000000000000000000000000000000000000000000000000000000000000000000000000000000000.000000000000000 2543559733472190000000000000000000000000000000000000000000000000000000000000000000000000000000000000000000000000000000000000000000000000000000000000000000000000000000000000000000000000000.000000000000000
   116.000 292509369349283000000000000000000000000000000000000000000000000000000000000000000000000000000000000000000000000000000000000000000000000000000000000000000000000000000000000000000000000000000.000000000000000 292509369349301000000000000000000000000000000000000000000000000000000000000000000000000000000000000000000000000000000000000000000000000000000000000000000000000000000000000000000000000000000.000000000000000
   117.000 33931086844516500000000000000000000000000000000000000000000000000000000000000000000000000000000000000000000000000000000000000000000000000000000000000000000000000000000000000000000000000000000.000000000000000 33931086844519000000000000000000000000000000000000000000000000000000000000000000000000000000000000000000000000000000000000000000000000000000000000000000000000000000000000000000000000000000000.000000000000000
   118.000 3969937160808720000000000000000000000000000000000000000000000000000000000000000000000000000000000000000000000000000000000000000000000000000000000000000000000000000000000000000000000000000000000.000000000000000 3969937160808720000000000000000000000000000000000000000000000000000000000000000000000000000000000000000000000000000000000000000000000000000000000000000000000000000000000000000000000000000000000.000000000000000
   119.000 468452584975433000000000000000000000000000000000000000000000000000000000000000000000000000000000000000000000000000000000000000000000000000000000000000000000000000000000000000000000000000000000000.000000000000000 468452584975429000000000000000000000000000000000000000000000000000000000000000000000000000000000000000000000000000000000000000000000000000000000000000000000000000000000000000000000000000000000000.000000000000000
   120.000 55745857612075600000000000000000000000000000000000000000000000000000000000000000000000000000000000000000000000000000000000000000000000000000000000000000000000000000000000000000000000000000000000000.000000000000000 55745857612076000000000000000000000000000000000000000000000000000000000000000000000000000000000000000000000000000000000000000000000000000000000000000000000000000000000000000000000000000000000000000.000000000000000
   121.000 6689502913449770000000000000000000000000000000000000000000000000000000000000000000000000000000000000000000000000000000000000000000000000000000000000000000000000000000000000000000000000000000000000000.000000000000000 6689502913449120000000000000000000000000000000000000000000000000000000000000000000000000000000000000000000000000000000000000000000000000000000000000000000000000000000000000000000000000000000000000000.000000000000000
   122.000 809429852527368000000000000000000000000000000000000000000000000000000000000000000000000000000000000000000000000000000000000000000000000000000000000000000000000000000000000000000000000000000000000000000.000000000000000 809429852527344000000000000000000000000000000000000000000000000000000000000000000000000000000000000000000000000000000000000000000000000000000000000000000000000000000000000000000000000000000000000000000.000000000000000
   123.000 98750442008337900000000000000000000000000000000000000000000000000000000000000000000000000000000000000000000000000000000000000000000000000000000000000000000000000000000000000000000000000000000000000000000.000000000000000 98750442008336000000000000000000000000000000000000000000000000000000000000000000000000000000000000000000000000000000000000000000000000000000000000000000000000000000000000000000000000000000000000000000000.000000000000000
   124.000 12146304367025100000000000000000000000000000000000000000000000000000000000000000000000000000000000000000000000000000000000000000000000000000000000000000000000000000000000000000000000000000000000000000000000.000000000000000 12146304367025300000000000000000000000000000000000000000000000000000000000000000000000000000000000000000000000000000000000000000000000000000000000000000000000000000000000000000000000000000000000000000000000.000000000000000
   125.000 1506141741510970000000000000000000000000000000000000000000000000000000000000000000000000000000000000000000000000000000000000000000000000000000000000000000000000000000000000000000000000000000000000000000000000.000000000000000 1506141741511140000000000000000000000000000000000000000000000000000000000000000000000000000000000000000000000000000000000000000000000000000000000000000000000000000000000000000000000000000000000000000000000000.000000000000000
   126.000 188267717688887000000000000000000000000000000000000000000000000000000000000000000000000000000000000000000000000000000000000000000000000000000000000000000000000000000000000000000000000000000000000000000000000000.000000000000000 188267717688893000000000000000000000000000000000000000000000000000000000000000000000000000000000000000000000000000000000000000000000000000000000000000000000000000000000000000000000000000000000000000000000000000.000000000000000
   127.000 23721732428800600000000000000000000000000000000000000000000000000000000000000000000000000000000000000000000000000000000000000000000000000000000000000000000000000000000000000000000000000000000000000000000000000000.000000000000000 23721732428800500000000000000000000000000000000000000000000000000000000000000000000000000000000000000000000000000000000000000000000000000000000000000000000000000000000000000000000000000000000000000000000000000000.000000000000000
   128.000 3012660018457670000000000000000000000000000000000000000000000000000000000000000000000000000000000000000000000000000000000000000000000000000000000000000000000000000000000000000000000000000000000000000000000000000000.000000000000000 3012660018457660000000000000000000000000000000000000000000000000000000000000000000000000000000000000000000000000000000000000000000000000000000000000000000000000000000000000000000000000000000000000000000000000000000.000000000000000
   129.000 385620482362564000000000000000000000000000000000000000000000000000000000000000000000000000000000000000000000000000000000000000000000000000000000000000000000000000000000000000000000000000000000000000000000000000000000.000000000000000 385620482362580000000000000000000000000000000000000000000000000000000000000000000000000000000000000000000000000000000000000000000000000000000000000000000000000000000000000000000000000000000000000000000000000000000000.000000000000000
   130.000 49745042224773100000000000000000000000000000000000000000000000000000000000000000000000000000000000000000000000000000000000000000000000000000000000000000000000000000000000000000000000000000000000000000000000000000000000.000000000000000 49745042224772900000000000000000000000000000000000000000000000000000000000000000000000000000000000000000000000000000000000000000000000000000000000000000000000000000000000000000000000000000000000000000000000000000000000.000000000000000
   131.000 6466855489220580000000000000000000000000000000000000000000000000000000000000000000000000000000000000000000000000000000000000000000000000000000000000000000000000000000000000000000000000000000000000000000000000000000000000.000000000000000 6466855489220470000000000000000000000000000000000000000000000000000000000000000000000000000000000000000000000000000000000000000000000000000000000000000000000000000000000000000000000000000000000000000000000000000000000000.000000000000000
   132.000 847158069087870000000000000000000000000000000000000000000000000000000000000000000000000000000000000000000000000000000000000000000000000000000000000000000000000000000000000000000000000000000000000000000000000000000000000000.000000000000000 847158069087882000000000000000000000000000000000000000000000000000000000000000000000000000000000000000000000000000000000000000000000000000000000000000000000000000000000000000000000000000000000000000000000000000000000000000.000000000000000
   133.000 111824865119602000000000000000000000000000000000000000000000000000000000000000000000000000000000000000000000000000000000000000000000000000000000000000000000000000000000000000000000000000000000000000000000000000000000000000000.000000000000000 111824865119600000000000000000000000000000000000000000000000000000000000000000000000000000000000000000000000000000000000000000000000000000000000000000000000000000000000000000000000000000000000000000000000000000000000000000000.000000000000000
   134.000 14872707060906400000000000000000000000000000000000000000000000000000000000000000000000000000000000000000000000000000000000000000000000000000000000000000000000000000000000000000000000000000000000000000000000000000000000000000000.000000000000000 14872707060906900000000000000000000000000000000000000000000000000000000000000000000000000000000000000000000000000000000000000000000000000000000000000000000000000000000000000000000000000000000000000000000000000000000000000000000.000000000000000
   135.000 1992942746161500000000000000000000000000000000000000000000000000000000000000000000000000000000000000000000000000000000000000000000000000000000000000000000000000000000000000000000000000000000000000000000000000000000000000000000000.000000000000000 1992942746161520000000000000000000000000000000000000000000000000000000000000000000000000000000000000000000000000000000000000000000000000000000000000000000000000000000000000000000000000000000000000000000000000000000000000000000000.000000000000000
   136.000 269047270731767000000000000000000000000000000000000000000000000000000000000000000000000000000000000000000000000000000000000000000000000000000000000000000000000000000000000000000000000000000000000000000000000000000000000000000000000.000000000000000 269047270731805000000000000000000000000000000000000000000000000000000000000000000000000000000000000000000000000000000000000000000000000000000000000000000000000000000000000000000000000000000000000000000000000000000000000000000000000.000000000000000
   137.000 36590428819524700000000000000000000000000000000000000000000000000000000000000000000000000000000000000000000000000000000000000000000000000000000000000000000000000000000000000000000000000000000000000000000000000000000000000000000000000.000000000000000 36590428819525500000000000000000000000000000000000000000000000000000000000000000000000000000000000000000000000000000000000000000000000000000000000000000000000000000000000000000000000000000000000000000000000000000000000000000000000000.000000000000000
   138.000 5012888748275330000000000000000000000000000000000000000000000000000000000000000000000000000000000000000000000000000000000000000000000000000000000000000000000000000000000000000000000000000000000000000000000000000000000000000000000000000.000000000000000 5012888748274990000000000000000000000000000000000000000000000000000000000000000000000000000000000000000000000000000000000000000000000000000000000000000000000000000000000000000000000000000000000000000000000000000000000000000000000000000.000000000000000
   139.000 691778647262000000000000000000000000000000000000000000000000000000000000000000000000000000000000000000000000000000000000000000000000000000000000000000000000000000000000000000000000000000000000000000000000000000000000000000000000000000000.000000000000000 691778647261949000000000000000000000000000000000000000000000000000000000000000000000000000000000000000000000000000000000000000000000000000000000000000000000000000000000000000000000000000000000000000000000000000000000000000000000000000000.000000000000000
   140.000 96157231969405500000000000000000000000000000000000000000000000000000000000000000000000000000000000000000000000000000000000000000000000000000000000000000000000000000000000000000000000000000000000000000000000000000000000000000000000000000000.000000000000000 96157231969410900000000000000000000000000000000000000000000000000000000000000000000000000000000000000000000000000000000000000000000000000000000000000000000000000000000000000000000000000000000000000000000000000000000000000000000000000000000.000000000000000
   141.000 13462012475717200000000000000000000000000000000000000000000000000000000000000000000000000000000000000000000000000000000000000000000000000000000000000000000000000000000000000000000000000000000000000000000000000000000000000000000000000000000000.000000000000000 13462012475717500000000000000000000000000000000000000000000000000000000000000000000000000000000000000000000000000000000000000000000000000000000000000000000000000000000000000000000000000000000000000000000000000000000000000000000000000000000000.000000000000000
   142.000 1898143759076290000000000000000000000000000000000000000000000000000000000000000000000000000000000000000000000000000000000000000000000000000000000000000000000000000000000000000000000000000000000000000000000000000000000000000000000000000000000000.000000000000000 1898143759076170000000000000000000000000000000000000000000000000000000000000000000000000000000000000000000000000000000000000000000000000000000000000000000000000000000000000000000000000000000000000000000000000000000000000000000000000000000000000.000000000000000
   143.000 269536413788800000000000000000000000000000000000000000000000000000000000000000000000000000000000000000000000000000000000000000000000000000000000000000000000000000000000000000000000000000000000000000000000000000000000000000000000000000000000000000.000000000000000 269536413788816000000000000000000000000000000000000000000000000000000000000000000000000000000000000000000000000000000000000000000000000000000000000000000000000000000000000000000000000000000000000000000000000000000000000000000000000000000000000000.000000000000000
   144.000 38543707171800200000000000000000000000000000000000000000000000000000000000000000000000000000000000000000000000000000000000000000000000000000000000000000000000000000000000000000000000000000000000000000000000000000000000000000000000000000000000000000.000000000000000 38543707171800700000000000000000000000000000000000000000000000000000000000000000000000000000000000000000000000000000000000000000000000000000000000000000000000000000000000000000000000000000000000000000000000000000000000000000000000000000000000000000.000000000000000
   145.000 5550293832739240000000000000000000000000000000000000000000000000000000000000000000000000000000000000000000000000000000000000000000000000000000000000000000000000000000000000000000000000000000000000000000000000000000000000000000000000000000000000000000.000000000000000 5550293832739300000000000000000000000000000000000000000000000000000000000000000000000000000000000000000000000000000000000000000000000000000000000000000000000000000000000000000000000000000000000000000000000000000000000000000000000000000000000000000000.000000000000000
   146.000 804792605747307000000000000000000000000000000000000000000000000000000000000000000000000000000000000000000000000000000000000000000000000000000000000000000000000000000000000000000000000000000000000000000000000000000000000000000000000000000000000000000000.000000000000000 804792605747199000000000000000000000000000000000000000000000000000000000000000000000000000000000000000000000000000000000000000000000000000000000000000000000000000000000000000000000000000000000000000000000000000000000000000000000000000000000000000000000.000000000000000
   147.000 117499720439090000000000000000000000000000000000000000000000000000000000000000000000000000000000000000000000000000000000000000000000000000000000000000000000000000000000000000000000000000000000000000000000000000000000000000000000000000000000000000000000000.000000000000000 117499720439091000000000000000000000000000000000000000000000000000000000000000000000000000000000000000000000000000000000000000000000000000000000000000000000000000000000000000000000000000000000000000000000000000000000000000000000000000000000000000000000000.000000000000000
   148.000 17272458904546500000000000000000000000000000000000000000000000000000000000000000000000000000000000000000000000000000000000000000000000000000000000000000000000000000000000000000000000000000000000000000000000000000000000000000000000000000000000000000000000000.000000000000000 17272458904546400000000000000000000000000000000000000000000000000000000000000000000000000000000000000000000000000000000000000000000000000000000000000000000000000000000000000000000000000000000000000000000000000000000000000000000000000000000000000000000000000.000000000000000
   149.000 2556323917872960000000000000000000000000000000000000000000000000000000000000000000000000000000000000000000000000000000000000000000000000000000000000000000000000000000000000000000000000000000000000000000000000000000000000000000000000000000000000000000000000000.000000000000000 2556323917872860000000000000000000000000000000000000000000000000000000000000000000000000000000000000000000000000000000000000000000000000000000000000000000000000000000000000000000000000000000000000000000000000000000000000000000000000000000000000000000000000000.000000000000000
   150.000 380892263763013000000000000000000000000000000000000000000000000000000000000000000000000000000000000000000000000000000000000000000000000000000000000000000000000000000000000000000000000000000000000000000000000000000000000000000000000000000000000000000000000000000.000000000000000 380892263763057000000000000000000000000000000000000000000000000000000000000000000000000000000000000000000000000000000000000000000000000000000000000000000000000000000000000000000000000000000000000000000000000000000000000000000000000000000000000000000000000000000.000000000000000
   151.000 57133839564457100000000000000000000000000000000000000000000000000000000000000000000000000000000000000000000000000000000000000000000000000000000000000000000000000000000000000000000000000000000000000000000000000000000000000000000000000000000000000000000000000000000.000000000000000 57133839564458500000000000000000000000000000000000000000000000000000000000000000000000000000000000000000000000000000000000000000000000000000000000000000000000000000000000000000000000000000000000000000000000000000000000000000000000000000000000000000000000000000000.000000000000000
   152.000 8627209774233360000000000000000000000000000000000000000000000000000000000000000000000000000000000000000000000000000000000000000000000000000000000000000000000000000000000000000000000000000000000000000000000000000000000000000000000000000000000000000000000000000000000.000000000000000 8627209774233230000000000000000000000000000000000000000000000000000000000000000000000000000000000000000000000000000000000000000000000000000000000000000000000000000000000000000000000000000000000000000000000000000000000000000000000000000000000000000000000000000000000.000000000000000
   153.000 1311335885683380000000000000000000000000000000000000000000000000000000000000000000000000000000000000000000000000000000000000000000000000000000000000000000000000000000000000000000000000000000000000000000000000000000000000000000000000000000000000000000000000000000000000.000000000000000 1311335885683450000000000000000000000000000000000000000000000000000000000000000000000000000000000000000000000000000000000000000000000000000000000000000000000000000000000000000000000000000000000000000000000000000000000000000000000000000000000000000000000000000000000000.000000000000000
   154.000 200634390509568000000000000000000000000000000000000000000000000000000000000000000000000000000000000000000000000000000000000000000000000000000000000000000000000000000000000000000000000000000000000000000000000000000000000000000000000000000000000000000000000000000000000000.000000000000000 200634390509568000000000000000000000000000000000000000000000000000000000000000000000000000000000000000000000000000000000000000000000000000000000000000000000000000000000000000000000000000000000000000000000000000000000000000000000000000000000000000000000000000000000000000.000000000000000
   155.000 30897696138473600000000000000000000000000000000000000000000000000000000000000000000000000000000000000000000000000000000000000000000000000000000000000000000000000000000000000000000000000000000000000000000000000000000000000000000000000000000000000000000000000000000000000000.000000000000000 30897696138473500000000000000000000000000000000000000000000000000000000000000000000000000000000000000000000000000000000000000000000000000000000000000000000000000000000000000000000000000000000000000000000000000000000000000000000000000000000000000000000000000000000000000000.000000000000000
   156.000 4789142901462890000000000000000000000000000000000000000000000000000000000000000000000000000000000000000000000000000000000000000000000000000000000000000000000000000000000000000000000000000000000000000000000000000000000000000000000000000000000000000000000000000000000000000000.000000000000000 4789142901463390000000000000000000000000000000000000000000000000000000000000000000000000000000000000000000000000000000000000000000000000000000000000000000000000000000000000000000000000000000000000000000000000000000000000000000000000000000000000000000000000000000000000000000.000000000000000
   157.000 747106292628228000000000000000000000000000000000000000000000000000000000000000000000000000000000000000000000000000000000000000000000000000000000000000000000000000000000000000000000000000000000000000000000000000000000000000000000000000000000000000000000000000000000000000000000.000000000000000 747106292628289000000000000000000000000000000000000000000000000000000000000000000000000000000000000000000000000000000000000000000000000000000000000000000000000000000000000000000000000000000000000000000000000000000000000000000000000000000000000000000000000000000000000000000000.000000000000000
   158.000 117295687942635000000000000000000000000000000000000000000000000000000000000000000000000000000000000000000000000000000000000000000000000000000000000000000000000000000000000000000000000000000000000000000000000000000000000000000000000000000000000000000000000000000000000000000000000.000000000000000 117295687942641000000000000000000000000000000000000000000000000000000000000000000000000000000000000000000000000000000000000000000000000000000000000000000000000000000000000000000000000000000000000000000000000000000000000000000000000000000000000000000000000000000000000000000000000.000000000000000
   159.000 18532718694937700000000000000000000000000000000000000000000000000000000000000000000000000000000000000000000000000000000000000000000000000000000000000000000000000000000000000000000000000000000000000000000000000000000000000000000000000000000000000000000000000000000000000000000000000.000000000000000 18532718694937300000000000000000000000000000000000000000000000000000000000000000000000000000000000000000000000000000000000000000000000000000000000000000000000000000000000000000000000000000000000000000000000000000000000000000000000000000000000000000000000000000000000000000000000000.000000000000000
   160.000 2946702272495370000000000000000000000000000000000000000000000000000000000000000000000000000000000000000000000000000000000000000000000000000000000000000000000000000000000000000000000000000000000000000000000000000000000000000000000000000000000000000000000000000000000000000000000000000.000000000000000 2946702272495040000000000000000000000000000000000000000000000000000000000000000000000000000000000000000000000000000000000000000000000000000000000000000000000000000000000000000000000000000000000000000000000000000000000000000000000000000000000000000000000000000000000000000000000000000.000000000000000
   161.000 471472363599204000000000000000000000000000000000000000000000000000000000000000000000000000000000000000000000000000000000000000000000000000000000000000000000000000000000000000000000000000000000000000000000000000000000000000000000000000000000000000000000000000000000000000000000000000000.000000000000000 471472363599206000000000000000000000000000000000000000000000000000000000000000000000000000000000000000000000000000000000000000000000000000000000000000000000000000000000000000000000000000000000000000000000000000000000000000000000000000000000000000000000000000000000000000000000000000000.000000000000000
   162.000 75907050539470900000000000000000000000000000000000000000000000000000000000000000000000000000000000000000000000000000000000000000000000000000000000000000000000000000000000000000000000000000000000000000000000000000000000000000000000000000000000000000000000000000000000000000000000000000000.000000000000000 75907050539472100000000000000000000000000000000000000000000000000000000000000000000000000000000000000000000000000000000000000000000000000000000000000000000000000000000000000000000000000000000000000000000000000000000000000000000000000000000000000000000000000000000000000000000000000000000.000000000000000
   163.000 12296942187393500000000000000000000000000000000000000000000000000000000000000000000000000000000000000000000000000000000000000000000000000000000000000000000000000000000000000000000000000000000000000000000000000000000000000000000000000000000000000000000000000000000000000000000000000000000000.000000000000000 12296942187394500000000000000000000000000000000000000000000000000000000000000000000000000000000000000000000000000000000000000000000000000000000000000000000000000000000000000000000000000000000000000000000000000000000000000000000000000000000000000000000000000000000000000000000000000000000000.000000000000000
   164.000 2004401576545380000000000000000000000000000000000000000000000000000000000000000000000000000000000000000000000000000000000000000000000000000000000000000000000000000000000000000000000000000000000000000000000000000000000000000000000000000000000000000000000000000000000000000000000000000000000000.000000000000000 2004401576545300000000000000000000000000000000000000000000000000000000000000000000000000000000000000000000000000000000000000000000000000000000000000000000000000000000000000000000000000000000000000000000000000000000000000000000000000000000000000000000000000000000000000000000000000000000000000.000000000000000
   165.000 328721858553469000000000000000000000000000000000000000000000000000000000000000000000000000000000000000000000000000000000000000000000000000000000000000000000000000000000000000000000000000000000000000000000000000000000000000000000000000000000000000000000000000000000000000000000000000000000000000.000000000000000 328721858553429000000000000000000000000000000000000000000000000000000000000000000000000000000000000000000000000000000000000000000000000000000000000000000000000000000000000000000000000000000000000000000000000000000000000000000000000000000000000000000000000000000000000000000000000000000000000000.000000000000000
   166.000 54239106661319800000000000000000000000000000000000000000000000000000000000000000000000000000000000000000000000000000000000000000000000000000000000000000000000000000000000000000000000000000000000000000000000000000000000000000000000000000000000000000000000000000000000000000000000000000000000000000.000000000000000 54239106661315900000000000000000000000000000000000000000000000000000000000000000000000000000000000000000000000000000000000000000000000000000000000000000000000000000000000000000000000000000000000000000000000000000000000000000000000000000000000000000000000000000000000000000000000000000000000000000.000000000000000
   167.000 9003691705778590000000000000000000000000000000000000000000000000000000000000000000000000000000000000000000000000000000000000000000000000000000000000000000000000000000000000000000000000000000000000000000000000000000000000000000000000000000000000000000000000000000000000000000000000000000000000000000.000000000000000 9003691705778430000000000000000000000000000000000000000000000000000000000000000000000000000000000000000000000000000000000000000000000000000000000000000000000000000000000000000000000000000000000000000000000000000000000000000000000000000000000000000000000000000000000000000000000000000000000000000000.000000000000000
   168.000 1503616514864900000000000000000000000000000000000000000000000000000000000000000000000000000000000000000000000000000000000000000000000000000000000000000000000000000000000000000000000000000000000000000000000000000000000000000000000000000000000000000000000000000000000000000000000000000000000000000000000.000000000000000 1503616514865000000000000000000000000000000000000000000000000000000000000000000000000000000000000000000000000000000000000000000000000000000000000000000000000000000000000000000000000000000000000000000000000000000000000000000000000000000000000000000000000000000000000000000000000000000000000000000000000.000000000000000
   169.000 252607574497299000000000000000000000000000000000000000000000000000000000000000000000000000000000000000000000000000000000000000000000000000000000000000000000000000000000000000000000000000000000000000000000000000000000000000000000000000000000000000000000000000000000000000000000000000000000000000000000000.000000000000000 252607574497320000000000000000000000000000000000000000000000000000000000000000000000000000000000000000000000000000000000000000000000000000000000000000000000000000000000000000000000000000000000000000000000000000000000000000000000000000000000000000000000000000000000000000000000000000000000000000000000000.000000000000000
   170.000 42690680090045300000000000000000000000000000000000000000000000000000000000000000000000000000000000000000000000000000000000000000000000000000000000000000000000000000000000000000000000000000000000000000000000000000000000000000000000000000000000000000000000000000000000000000000000000000000000000000000000000.000000000000000 42690680090047000000000000000000000000000000000000000000000000000000000000000000000000000000000000000000000000000000000000000000000000000000000000000000000000000000000000000000000000000000000000000000000000000000000000000000000000000000000000000000000000000000000000000000000000000000000000000000000000000.000000000000000
