0	0	0	0	0	0	1
0.01	0.000919366484600965	0.00999983333416666	3.0811654023941E-06	4.99995833347366E-05	0.181880042473288	0.999950000416665
0.02	0.00359773576052764	0.0199986666933331	2.42506723297717E-05	0.000199993333422244	0.351800558265142	0.999800006666578
0.03	0.0079155125609657	0.0299955002024957	8.05005723613182E-05	0.000449966251012457	0.509761547375564	0.999550033748988
0.04	0.0137531016191008	0.0399893341866342	0.000187626964408076	0.000799893339022084	0.655763009804553	0.999200106660978
0.05	0.0209909076681186	0.0499791692706783	0.000360229994712944	0.00124973960503372	0.789804945552108	0.998750260394966
0.06	0.0295093354412049	0.0599640064794446	0.000611713856850677	0.00179946006479581	0.911887354618231	0.998200539935204
0.07	0.0391887896715452	0.0699428473375328	0.000954286791727888	0.00244899974672042	1.02201023700292	0.99755100025328
0.08	0.0499096750923252	0.0799146939691727	0.00139896108758305	0.00319829369738056	1.12017359270618	0.996801706302619
0.09	0.0615523964367306	0.089878549198011	0.00195555307998648	0.00404726698800573	1.206377421728	0.995952733011994
0.1	0.0739973584379471	0.0998334166468281	0.00263268315184036	0.00499583472197418	1.28062172406839	0.995004165278026
0.11	0.0871249658291604	0.109778300837175	0.00343777573337874	0.00604390204330318	1.34290649972735	0.993956097956697
0.12	0.100815623343556	0.119712207288919	0.00437705930216751	0.00719136414613375	1.39323174870488	0.992808635853866
0.13	0.11494973571432	0.129634142619695	0.00545556638310442	0.00843810628521191	1.43159747100097	0.991561893714788
0.14	0.129407707674637	0.139543114644236	0.00667713354841908	0.00978400378736277	1.45800366661563	0.990215996212637
0.15	0.144069943957694	0.149438132473599	0.00804440141767297	0.0112289220639578	1.47245033554886	0.988771077936042
0.16	0.158816849296676	0.159318206614246	0.00955881465775939	0.0127727166243731	1.47493747780065	0.987227283375627
0.17	0.173528828424769	0.169182349066996	0.0112206219829035	0.0144152330904392	1.46546509337101	0.985584766909561
0.18	0.188086286075158	0.179029573425824	0.0130288761546624	0.0161563072118786	1.44403318225994	0.983843692788121
0.19	0.20236962698103	0.188858894976501	0.014981433981925	0.0179957648827297	1.41064174446743	0.98200423511727
0.2	0.216259255875569	0.198669330795061	0.0170749563209119	0.0199334221587584	1.36529077999349	0.980066577841242
0.21	0.229635577491962	0.2084598998461	0.0193049080751759	0.0219690852758517	1.30798028883812	0.978030914724148
0.22	0.242378996563393	0.218229623080869	0.0216655581956013	0.0241025506693945	1.23871027100132	0.975897449330606
0.23	0.25436991782305	0.227977523535188	0.0241499796804045	0.0263336049946252	1.15748072648308	0.973666395005375
0.24	0.265488746004117	0.237702626427135	0.0267500495751337	0.0286620251479704	1.06429165528341	0.97133797485203
0.25	0.27561588583978	0.247403959254523	0.0294564489726688	0.0310875782893553	0.959143057402306	0.968912421710645
0.26	0.284631742063225	0.257080551892155	0.0322586630132218	0.0336100218654868	0.84203493283977	0.966389978134513
0.27	0.292416719407637	0.266731436688831	0.0351449808843365	0.0362291036341095	0.712967281595802	0.963770896365891
0.28	0.298851222606203	0.276355648564114	0.0381024958208884	0.0389445616892291	0.571940103670399	0.961055438310771
0.29	0.303815656392107	0.285952225104836	0.041117105105085	0.0417561244873028	0.418953399063564	0.958243875512697
0.3	0.307190425498536	0.29552020666134	0.0441735100664657	0.044663510874394	0.254007167775296	0.955336489125606
0.31	0.308855934658675	0.305058636443444	0.0472552160819015	0.0476664301142866	0.0771014098055947	0.952333569885713
0.32	0.309302479388486	0.314566560616118	0.0503457197897789	0.0507645819175592	0.0971431219839392	0.949235418082441
0.33	0.311071775705788	0.324043028394868	0.0534462762745946	0.0539576564716131	0.254918000662735	0.946042343528387
0.34	0.314364876585464	0.333487092140815	0.0565722346524359	0.0572453344716538	0.4019040344586	0.942754665528346
0.35	0.319073893578684	0.342897807455452	0.0597382935266824	0.0606272871526211	0.538101223371532	0.939372712847379
0.36	0.325090938236618	0.35227423327509	0.0629580726162253	0.0641031763220652	0.663509567401532	0.935896823677935
0.37	0.332308122110438	0.361615431964962	0.0662441127554677	0.0676726543939656	0.778129066548599	0.932327345606034
0.38	0.340617556751314	0.370920469412983	0.0696078758943242	0.0713353644234899	0.881959720812735	0.92866463557651
0.39	0.349911353710416	0.380188415123162	0.0730597450982214	0.075090940142687	0.975001530193939	0.924909059857313
0.4	0.360081624538916	0.389418342308651	0.0766090245480972	0.078939005997115	1.05725449469221	0.921060994002885
0.41	0.371020480787984	0.398609327984423	0.0802639395404016	0.082879177183395	1.12871861430755	0.917120822816605
0.42	0.382620034008791	0.40776045305957	0.0840316364870961	0.0869110596876919	1.18939388903996	0.913088940312308
0.43	0.394772395752507	0.416870802429211	0.0879181829156538	0.0910342503251149	1.23928031888943	0.908965749674885
0.44	0.407369677570303	0.425939465066	0.0919285674690598	0.0952483367800366	1.27837790385598	0.904751663219963
0.45	0.42030399101335	0.43496553411123	0.0960666999058107	0.0995528976473232	1.30668664393959	0.900447102352677
0.46	0.433467447632818	0.44394810696552	0.100335411099915	0.103947502474475	1.32420653914027	0.896052497525525
0.47	0.446752158979879	0.452886285379069	0.104736453040892	0.108431711804671	1.33093758945801	0.891568288195329
0.48	0.460050236605702	0.461779175541483	0.109270498833775	0.113005077220716	1.32687979489283	0.886994922779284
0.49	0.473253792061459	0.470625888171158	0.113937142699106	0.117667141389879	1.31203315544471	0.882332858610121
0.5	0.48625493689832	0.479425538604203	0.118734899972941	0.122417438109627	1.28639767111366	0.877582561890373
0.51	0.498945782667456	0.488177246882908	0.123661207106847	0.127255492354249	1.24997334189968	0.872744507645751
0.52	0.511218440920037	0.496880137843737	0.128712421667902	0.13218082032235	1.20276016780277	0.86781917967765
0.53	0.522965023207234	0.505533341204847	0.133883822338696	0.137192929485239	1.14475814882292	0.862807070514761
0.54	0.534077641080219	0.514135991653113	0.139169608917332	0.142291318636176	1.07596728496014	0.857708681363824
0.55	0.544448406090161	0.522687228930659	0.144562902317424	0.147475477940494	0.996387576214432	0.852524522059506
0.56	0.553969429788231	0.531186197920884	0.150055744568096	0.152744888986584	0.90601902258579	0.847255111013416
0.57	0.5625328237256	0.53963204873397	0.155639098813986	0.158099024837731	0.804861624074216	0.841900975162269
0.58	0.570030699453439	0.548023936791874	0.161302849315243	0.163537350084813	0.692915380679709	0.836462649915187
0.59	0.576355168522918	0.556361022912784	0.167035801447527	0.169059320899837	0.570180292402271	0.830940679100163
0.6	0.581398342485208	0.564642473395036	0.172825681702011	0.174664385090322	0.4366563592419	0.825335614909678
0.61	0.58505233289148	0.572867460100482	0.178659137685378	0.180351982154521	0.292343581198597	0.819648017845479
0.62	0.587209251292904	0.581035160537305	0.184521738119824	0.186121543337466	0.137241958272363	0.813878456662534
0.63	0.587804197283686	0.58914475794227	0.190397996934943	0.191972491687848	0.022493506992686	0.808027508312152
0.64	0.588680127652625	0.597195441362392	0.196279345459231	0.197904242115708	0.151265554165557	0.802095757884292
0.65	0.590800968114408	0.60518640573604	0.202175749188305	0.203916201450944	0.27147552556144	0.796083798549056
0.66	0.594081097911264	0.613116851973434	0.208099229119303	0.210007768502635	0.383123421180336	0.789992231497365
0.67	0.598434896285424	0.62098598703656	0.214060950041788	0.216178334119151	0.486209241022244	0.783821665880849
0.68	0.603776742479119	0.628793024018469	0.220071220537743	0.222427281249072	0.580732985087165	0.777572718750928
0.69	0.610021015734578	0.636537182221968	0.226139492981576	0.228753985002894	0.666694653375098	0.771246014997106
0.7	0.617082095294031	0.644217687237691	0.232274363540115	0.235157812715512	0.744094245886043	0.764842187284488
0.71	0.624874360399709	0.651833771021537	0.238483572172611	0.241638124009492	0.812931762620001	0.758361875990508
0.72	0.633312190293841	0.659384671971473	0.244774002630737	0.248194270859105	0.873207203576972	0.751805729140895
0.73	0.642309964218658	0.666869635003698	0.25115168245859	0.25482559765513	0.924920568756954	0.74517440234487
0.74	0.65178206141639	0.674287911628145	0.257621782992687	0.261531441270412	0.968071858159949	0.738468558729588
0.75	0.661642861129267	0.681638760023334	0.264188619361968	0.268311131126179	1.00266107178596	0.731688868873821
0.76	0.671806742599519	0.688921445110552	0.270855650487797	0.275163989259095	1.02868820963498	0.724836010740905
0.77	0.682188085069377	0.696135238627357	0.277625479083957	0.282089330389057	1.04615327170701	0.717910669610943
0.78	0.69270126778107	0.70327941920041	0.284499851656657	0.289086461987723	1.05505625800205	0.710913538012277
0.79	0.703260669976828	0.710353272417608	0.291479658504525	0.296154684347764	1.05539716852011	0.703845315652236
0.8	0.713780670898882	0.717356090899523	0.298564933718614	0.303293290652835	1.04717600326118	0.696706709347165
0.810000000000001	0.724175649789462	0.724287174370143	0.305754855182398	0.310501567048253	1.03039276222526	0.689498432951747
0.820000000000001	0.734359985890797	0.731145829726896	0.313047744571773	0.317778792712387	1.00504744541236	0.682221207287613
0.830000000000001	0.744248058445119	0.737931371109963	0.320441067355057	0.325124239928733	0.971140052822465	0.674875760071267
0.840000000000001	0.753754246694657	0.74464311997086	0.327931432792993	0.332537174158692	0.928670584455585	0.667462825841308
0.850000000000001	0.762792929881641	0.751280405140293	0.335514593938742	0.340016854115018	0.877639040311716	0.659983145884982
0.860000000000001	0.771278487248301	0.757842562895277	0.343185447637891	0.347562531835949	0.81804542039086	0.652437468164051
0.870000000000001	0.779125298036868	0.764328937025505	0.350938034528448	0.355173452759999	0.749889724693017	0.644826547240001
0.880000000000001	0.786247741489571	0.77073887889897	0.358765539040842	0.36284885580142	0.673171953218187	0.63715114419858
0.890000000000001	0.792560196848642	0.777071747526824	0.366660289397927	0.370587973426304	0.587892105966368	0.629412026573696
0.900000000000001	0.797977043356309	0.783326909627484	0.374613757614977	0.378390031729336	0.494050182937562	0.621609968270664
0.910000000000001	0.802412660254803	0.789503739689951	0.382616559499689	0.386254250511189	0.391646184131768	0.613745749488811
0.920000000000001	0.805781426786354	0.795601620036366	0.390658454652183	0.394179843356538	0.280680109548987	0.605820156643462
0.930000000000001	0.807997722193193	0.801619940883778	0.398728346465001	0.402166017712702	0.161151959189218	0.597833982287298
0.940000000000001	0.808975925717549	0.807558100405115	0.406814282123106	0.410211974968902	0.0330617330524614	0.589788025031098
0.950000000000001	0.809257393297031	0.813415504789374	0.414905023323176	0.418316910536117	0.0633987333650177	0.581683089463883
0.960000000000001	0.810293291524168	0.819191568300999	0.423002114530781	0.426480013927544	0.142864713555884	0.573519986072456
0.970000000000001	0.812096363598021	0.82488571333845	0.431113446399815	0.434700468839646	0.21683350270825	0.565299531160354
0.980000000000001	0.814611637608205	0.830497370491971	0.439246415809195	0.442977453233783	0.285305100822113	0.557022546766217
0.990000000000001	0.817784141644335	0.836025978600521	0.447407869918733	0.451310139418413	0.348279507897475	0.548689860581587
1	0.821558903796026	0.841470984807897	0.455604106169134	0.459697694131861	0.405756723934336	0.540302305868139
1.01	0.825880952152893	0.846831844618016	0.463840872282004	0.468139278625645	0.457736748932694	0.531860721374355
1.02	0.830695314804552	0.852108021949363	0.472123366259841	0.476634048748351	0.504219582892552	0.523365951251649
1.03	0.835947019840616	0.857298989188604	0.480456236386043	0.485181155030045	0.545205225813907	0.514818844969955
1.04	0.841581095350701	0.862404227243339	0.4888435812249	0.493779742767222	0.580693677696762	0.506220257232778
1.05	0.847542569424423	0.867423225594017	0.497288949621602	0.502428952108274	0.610684938541114	0.497571047891726
1.06	0.853776470151395	0.872355482344987	0.505795340702233	0.511127918139473	0.635179008346965	0.488872081860527
1.07	0.860227825621234	0.877200504274682	0.514365203873773	0.519875770971467	0.654175887114314	0.480124229028533
1.08	0.866841663923553	0.881957806884948	0.523000438824099	0.528671635826261	0.667675574843162	0.471328364173739
1.09	0.873563013147969	0.886626914449488	0.531702395521985	0.5375146331247	0.675678071533508	0.4624853668753
1.1	0.880336901384095	0.891207360061436	0.540471874217098	0.546403878574423	0.678183377185353	0.453596121425577
1.11	0.887108356721547	0.895698685680048	0.549309125440004	0.555338483258294	0.675191491798696	0.444661516741706
1.12	0.893822407249941	0.900100442176505	0.558213850002165	0.564317553723289	0.666702415373538	0.435682446276711
1.13	0.90042408105889	0.904412189378826	0.567185198995938	0.573340192069843	0.652716147909878	0.426659807930157
1.14	0.90685840623801	0.908633496115884	0.576221773794577	0.582405496041643	0.633232689407716	0.417594503958357
1.15	0.913070410876916	0.912763940260521	0.585321626052231	0.591512559115843	0.608252039867053	0.408487440884157
1.16	0.919005123065223	0.916803108771767	0.594482257703947	0.600660470593728	0.577774199287888	0.399339529406272
1.17	0.924607570892545	0.920750597736136	0.603700620965665	0.609848315691771	0.541799167670221	0.390151684308229
1.18	0.929822782448499	0.924606012408021	0.612973118334226	0.619075175633119	0.500326945014054	0.380924824366881
1.19	0.934595785822698	0.928368967249167	0.622295602587363	0.628340127739468	0.453357531319384	0.371659872260532
1.2	0.938871609104758	0.932039085967227	0.631663376783706	0.637642245523327	0.400890926586213	0.362357754476673
1.21	0.942595280384294	0.935616001553386	0.641071194262783	0.64698059878067	0.342927130814541	0.35301940121933
1.22	0.945711827750921	0.939099356319068	0.650513258645016	0.656354253683954	0.279466144004366	0.343645746316046
1.23	0.948166279294253	0.942488801931698	0.659983223831724	0.665762272875498	0.21050796615569	0.334237727124502
1.24	0.949903663103906	0.945783999449539	0.669474194005122	0.675203715561225	0.136052597268513	0.324796284438775
1.25	0.950869007269495	0.948984619355587	0.678978723628322	0.684677637604732	0.0561000373428344	0.315322362395268
1.26	0.951073221194133	0.952090341590516	0.68848889123293	0.694183091621712	0.00989899993762018	0.305816908378288
1.27	0.951314639495568	0.955100855584692	0.698000595786712	0.703719127074682	0.0380689598594472	0.296280872925318
1.28	0.951828286381522	0.958015860289225	0.707516091451456	0.713284790368045	0.0643447168412891	0.286715209631955
1.29	0.952595219822594	0.960835064206073	0.71703800580286	0.722879124943443	0.0887262708831459	0.277120875056557
1.3	0.953596497789385	0.963558185417193	0.726568776996327	0.732501171375413	0.111213621985018	0.267498828624587
1.31	0.954813178252494	0.966184951612734	0.736110653766969	0.742149967467331	0.131806770146904	0.257850032532669
1.32	0.956226319182523	0.968715100118265	0.7456656954296	0.751824548347628	0.150505715368806	0.248175451652372
1.33	0.95781697855007	0.971148377921045	0.755235771878744	0.761523946566278	0.167310457650722	0.238476053433722
1.34	0.959566214325737	0.97348454169532	0.764822563588629	0.771247192191541	0.182220996992654	0.228752807808459
1.35	0.961455084480124	0.975723357826659	0.774427561613188	0.780993312906959	0.1952373333946	0.219006687093041
1.36	0.963464646983829	0.977864602435316	0.784052067586062	0.790761334108582	0.206359466856561	0.209238665891418
1.37	0.965575959807455	0.979908061398614	0.793697193720598	0.800550279002428	0.215587397378538	0.199449720997572
1.38	0.9677700809216	0.98185353037236	0.803363862809847	0.810359168702167	0.222921124960529	0.189640831297833
1.39	0.970028068296866	0.983700814811277	0.813052808226567	0.820187022327002	0.228360649602535	0.179812977672998
1.4	0.972330979903851	0.98544972998846	0.822764573923223	0.83003285709976	0.231905971304556	0.16996714290024
1.41	0.974659873713157	0.98710010101385	0.832499514431985	0.83989568844517	0.233557090066591	0.16010431155483
1.42	0.976995807695383	0.98865176285172	0.842257794864729	0.849774530088315	0.233314005888642	0.150225469911685
1.43	0.97931983982113	0.990104560337178	0.852039390913038	0.859668394153264	0.231176718770708	0.140331605846736
1.44	0.981613028060997	0.991458348191687	0.861844088848199	0.869576291261856	0.227145228712788	0.130423708738144
1.45	0.983856430385585	0.992712991037589	0.871671485521207	0.879497230632635	0.221219535714884	0.120502769367366
1.46	0.986031104765495	0.993868363411645	0.881520988362761	0.889430220179932	0.213399639776994	0.110569779820068
1.47	0.988118109171325	0.994924349777581	0.89139181538327	0.899374266613069	0.20368554089912	0.100625733386931
1.48	0.990098501573677	0.99588084453764	0.901282995172843	0.909328375535691	0.19207723908126	0.0906716244643086
1.49	0.99195333994315	0.996737752043144	0.9111933669013	0.9192915515452	0.178574734323415	0.0807084484547995
1.5	0.993663682250346	0.997494986604055	0.921121580318165	0.929262798332298	0.163178026625585	0.0707372016677018
1.51	0.995210586465862	0.998152472497548	0.931066095752668	0.939241118780615	0.14588711598777	0.0607588812193848
1.52	0.996575110560301	0.998710143975583	0.941025184113746	0.949225515066422	0.12670200240997	0.0507744849335781
1.53	0.997738312504262	0.999167945271476	0.950996926890039	0.95921498875841	0.105622685892185	0.0407850112415899
1.54	0.998681250268345	0.999525830605479	0.960979216149898	0.969208540917535	0.0826491664344147	0.030791459082465
1.55	0.99938498182315	0.999783764189357	0.970969754541375	0.979205172196909	0.0577814440366593	0.0207948278030913
1.56	0.999830565139278	0.999941720229966	0.980966055292232	0.989203882941734	0.0310195186989188	0.0107961170582663
1.57	0.999999058187329	0.999999682931835	0.990965442209934	0.999203673289268	0.00236339042119327	0.000796326710732153
1.58	0.999876441472995	0.99995764649874	1.000965061008	1.00920354326881	-0.0265824069380937	-0.00920354326880945
1.59	0.999473720869919	0.999815615134291	1.01096203734977	1.01920249290169	-0.0536460131870515	-0.0192024929016938
1.6	0.998809835219054	0.999573603041505	1.02095366487524	1.02919952230129	-0.0788154164960241	-0.0291995223012899
1.61	0.997903726549799	0.999231634421391	1.03093742664409	1.03919363177299	-0.102090616865012	-0.0391936317729888
1.62	0.996774336891554	0.998789743470524	1.04091099513628	1.04918382191417	-0.123471614294014	-0.0491838219141717
1.63	0.995440608273719	0.998247974377632	1.05087223225206	1.05916909371415	-0.142958408783032	-0.0591690937141495
1.64	0.993921482725693	0.997606381319174	1.06081918931198	1.06914844865406	-0.160551000332064	-0.0691484486540633
1.65	0.992235902276877	0.996865028453919	1.0707501070569	1.07912088880674	-0.176249388941111	-0.0791208888067352
1.66	0.990402808956671	0.996023989916537	1.08066341564795	1.08908541693646	-0.190053574610173	-0.0890854169364603
1.67	0.988441144794474	0.99508334981018	1.09055773466656	1.09904103659873	-0.20196355733925	-0.0990410365987293
1.68	0.986369851819686	0.994043202198076	1.10043187311446	1.10898675223987	-0.211979337128342	-0.108986752239872
1.69	0.984207872061707	0.992903651094118	1.11028482941368	1.11892156929661	-0.220100913977449	-0.118921569296614
1.7	0.981974147549937	0.991664810452468	1.12011579140652	1.12884449429553	-0.226328287886571	-0.128844494295526
1.71	0.979687620313775	0.990326804156158	1.1299241363556	1.13875453495238	-0.230661458855708	-0.138754534952379
1.72	0.977367232382622	0.988889766004701	1.13970943094381	1.14865070027136	-0.233100426884859	-0.148650700271365
1.73	0.975031925785878	0.987353839700716	1.14947143127436	1.1585320006442	-0.233645191974026	-0.158532000644199
1.74	0.972700642552942	0.985719178835553	1.15921008287074	1.16839744794908	-0.232295754123207	-0.168397447949078
1.75	0.970392324713214	0.983985946873937	1.16892552067673	1.17824605564949	-0.229052113332403	-0.178246055649493
1.76	0.968125914296094	0.982154317137618	1.17861806905641	1.18807683889288	-0.223914269601615	-0.188076838892881
1.77	0.965920353330982	0.980224472788045	1.18828824179416	1.19788881460911	-0.216882222930841	-0.19788881460911
1.78	0.963794583847277	0.978196606808044	1.19793674209464	1.20768100160879	-0.207955973320082	-0.207681001608785
1.79	0.96176754787438	0.976070921982524	1.20756446258281	1.21745242068137	-0.197135520769338	-0.217452420681366
1.8	0.95985818744169	0.973847630878195	1.21717248530393	1.22720209469309	-0.184420865278609	-0.227202094693088
1.81	0.958085444578608	0.971526955822315	1.22676208172354	1.23692904868468	-0.169812006847895	-0.236929048684676
1.82	0.956468261314532	0.969109128880456	1.2363347127275	1.24663230996884	-0.153308945477196	-0.246632309968835
1.83	0.955025579678864	0.966594391833297	1.24589202862193	1.25631090822752	-0.134911681166511	-0.256310908227524
1.84	0.953776341701002	0.963982996152448	1.25543586913327	1.26596387560898	-0.114620213915842	-0.265963875608982
1.85	0.952739489410347	0.9612752029753	1.26496826340824	1.27559024682451	-0.0924345437251871	-0.275590246824514
1.86	0.951933964836298	0.958471283078914	1.27449143001386	1.28518905924502	-0.0683546705945475	-0.285189059245022
1.87	0.951378710008256	0.955571516852944	1.28400777693745	1.29475935299726	-0.0423805945239228	-0.294759352997262
1.88	0.95109266695562	0.952576194271595	1.29351990158661	1.30430017105983	-0.014512315513313	-0.304300171059835
1.89	0.950947829420412	0.94948561486463	1.30303034337619	1.31381055935888	-0.0428588887580789	-0.313810559358884
1.9	0.95011051918015	0.946300087687414	1.31253630868646	1.3232895668635	-0.123686960787886	-0.323289566863505
1.91	0.948492414174783	0.94301993129001	1.32202995111058	1.33273624568085	-0.199017841779192	-0.332736245680847
1.92	0.946148486314695	0.939645473685324	1.33150373756044	1.3421496511509	-0.268851531731996	-0.3421496511509
1.93	0.943133707510271	0.936177052316306	1.34095068466706	1.35152884194096	-0.333188030646298	-0.351528841940961
1.94	0.939503049671897	0.9326150140222	1.35036435878054	1.36087288013977	-0.392027338522098	-0.360872880139769
1.95	0.935311484709958	0.928959715003869	1.35973887597009	1.37018083135129	-0.445369455359397	-0.370180831351288
1.96	0.930613984534838	0.925211520788168	1.36906890202403	1.37945176478816	-0.493214381158194	-0.379451764788156
1.97	0.925465521056922	0.921370806191395	1.37834965244977	1.38868475336475	-0.53556211591849	-0.388684753364753
1.98	0.919921066186596	0.917437955281809	1.38757689247386	1.39787887378992	-0.572412659640283	-0.397878873789917
1.99	0.914035591834245	0.913413361341225	1.3967469370419	1.40703320665927	-0.603766012323576	-0.407033206659267
2	0.907864069910253	0.909297426825681	1.40585665081864	1.41614683654714	-0.629622173968366	-0.416146836547144
2.01	0.901461472325006	0.9050905633252	1.4149034481879	1.42521885209815	-0.649981144574654	-0.425218852098153
2.02	0.894882770988888	0.900793191522627	1.42388529325263	1.4342483461183	-0.664842924142441	-0.434248346118301
2.03	0.888182937812286	0.89640574115156	1.43280069983488	1.44323441566571	-0.674207512671727	-0.44323441566571
2.04	0.881416944705583	0.891928650953379	1.44164873147578	1.45217616214091	-0.678074910162511	-0.452176162140912
2.05	0.874639763579164	0.887362368633375	1.45042900143559	1.46107269137671	-0.676445116614794	-0.461072691376713
2.06	0.867906366343415	0.882707350815974	1.45914167269366	1.4699231137276	-0.669318132028575	-0.469923113727602
2.07	0.861271724908721	0.877964062999078	1.46778745794846	1.47872654415872	-0.656693956403855	-0.47872654415872
2.08	0.854790811185467	0.873132979507517	1.47636761961754	1.48748210233436	-0.638572589740634	-0.487482102334359
2.09	0.848518597084037	0.868214583445613	1.48488396983757	1.496188912706	-0.614954032038911	-0.496188912705998
2.1	0.842510054514817	0.863209366648874	1.49333887046433	1.50484610459986	-0.585838283298686	-0.504846104599857
2.11	0.836820155388192	0.858117829634809	1.50173523307268	1.51345281230396	-0.551225343519961	-0.513452812303959
2.12	0.831503871614547	0.852940481552877	1.5100765189566	1.52200817515471	-0.511115212702733	-0.522008175154706
2.13	0.826616175104266	0.847677840133571	1.51836673912918	1.53051133762294	-0.465507890847005	-0.530511337622944
2.14	0.822212037767735	0.842330431636647	1.5266104543226	1.53896144939951	-0.414403377952775	-0.53896144939951
2.15	0.818346431515339	0.836898790798499	1.53481277498815	1.54735766548027	-0.357801674020044	-0.54735766548027
2.16	0.815074328257463	0.831383460778684	1.54297936129622	1.55569914625061	-0.29570277904881	-0.555699146250611
2.17	0.812450699904491	0.825784993105609	1.55111642313631	1.56398505756941	-0.228106693039076	-0.563985057569408
2.18	0.81053051836681	0.820103947621376	1.55923072011703	1.57221457085243	-0.15501341599084	-0.572214570852435
2.19	0.809368755554803	0.814340892425798	1.56732956156607	1.58038686315522	-0.0764229479041032	-0.58038686315522
2.2	0.809011735669957	0.808496403819592	1.5754208039785	1.58850111725534	-0.0118709856967614	-0.588501117255343
2.21	0.808238621408797	0.802571066246749	1.58350813454613	1.59655652173416	-0.141324853905759	-0.596556521734157
2.22	0.806213778844432	0.796565472236089	1.591581403979	1.60455227105793	-0.262216646337768	-0.604552271057927
2.23	0.803022828734632	0.790480222342007	1.59962852309786	1.61248756565838	-0.374546362992789	-0.612487565658382
2.24	0.798751391837166	0.784315925084422	1.60763825893106	1.62036161201268	-0.478314003870823	-0.620361612012677
2.25	0.793485088909806	0.778073196887924	1.61560023471451	1.62817362272274	-0.573519568971868	-0.628173622722736
2.26	0.787309540710319	0.771752662020128	1.62350492989168	1.635922816594	-0.660163058295925	-0.635922816593999
2.27	0.780310367996477	0.765354952529256	1.63134368011366	1.64360841871354	-0.738244471842995	-0.643608418713537
2.28	0.77257319152605	0.758880708180925	1.63910867723909	1.65122966052754	-0.807763809613077	-0.651229660527542
2.29	0.764183632056806	0.752330576394174	1.64679296933419	1.65878577991818	-0.86872107160617	-0.658785779918184
2.29999999999999	0.755227310346517	0.745705212176724	1.65439046067276	1.66627602127982	-0.921116257822276	-0.66627602127982
2.30999999999999	0.745789847152951	0.739005278059474	1.66189591173618	1.67369963559456	-0.964949368261394	-0.673699635594557
2.31999999999999	0.735956863233879	0.732231444030255	1.6693049392134	1.68105588050715	-1.00022040292352	-0.681055880507149
2.32999999999999	0.725813979347071	0.725384387466824	1.67661401600096	1.68834402039923	-1.02692936180867	-0.688344020399234
2.33999999999999	0.715446816250296	0.71846479306913	1.68382047120297	1.6955633264629	-1.04507624491682	-0.695563326462898
2.34999999999999	0.704940994701325	0.711473352790849	1.69092249013113	1.70271307677355	-1.05466105224799	-0.70271307677355
2.35999999999999	0.694382135457927	0.704410765770181	1.69791911430468	1.70979255636212	-1.05568378380216	-0.709792556362116
2.36999999999999	0.683855859277872	0.697277738259943	1.70481024145049	1.71680105728654	-1.04814443957935	-0.716801057286538
2.37999999999999	0.67344778691893	0.690074983556941	1.71159662550298	1.72373787870256	-1.03204301957956	-0.723737878702564
2.38999999999999	0.663243539138871	0.682803221930645	1.71827987660414	1.73060232693383	-1.00737952380277	-0.730602326933832
2.39999999999999	0.653328736695465	0.675463180551156	1.72486246110354	1.73739371554124	-0.974153952248997	-0.737393715541241
2.40999999999999	0.643789000346482	0.668055593416497	1.73134770155836	1.74411136539159	-0.932366304918235	-0.744111365391588
2.41999999999999	0.634709950849691	0.660581201279206	1.73773977673331	1.75075460472549	-0.882016581810486	-0.750754604725486
2.42999999999999	0.626177208962862	0.653040751572271	1.74404372160072	1.75732276922454	-0.823104782925748	-0.757322769224539
2.43999999999999	0.618276395443766	0.645434998334377	1.75026542734046	1.76381520207777	-0.755630908264023	-0.763815202077769
2.44999999999999	0.611093131050172	0.63776470213451	1.75641164134001	1.7702312540473	-0.67959495782531	-0.770231254047302
2.45999999999999	0.60471303653985	0.630030629995899	1.76248996719441	1.77657028353329	-0.594996931609608	-0.776570283533288
2.46999999999999	0.59922173267057	0.622233555319312	1.76850886470628	1.78283165663806	-0.501836829616919	-0.78283165663806
2.47999999999999	0.594704840200102	0.614374257805719	1.77447764988582	1.78901474722953	-0.400114651847241	-0.789014747229526
2.48999999999999	0.591247979886215	0.606453523378322	1.7804064949508	1.79511893700378	-0.289830398300576	-0.795118937003779
2.49999999999999	0.588936772486681	0.598472144103964	1.78630642832659	1.80114361554693	-0.170984068976923	-0.801143615546928
2.50999999999999	0.587856838759267	0.590430918113921	1.79218933464611	1.80708818039614	-0.0435756638762825	-0.80708818039614
2.51999999999999	0.587407402272699	0.58233064952409	1.79806641524259	1.81295203709988	-0.111543666014656	-0.812952037099884
2.52999999999999	0.585498875347586	0.574172148354581	1.80393225346329	1.81873459927738	-0.268363578194145	-0.818734599277376
2.53999999999999	0.582076093525093	0.565956230448711	1.80977134523321	1.82443528867722	-0.414394645490702	-0.824435288677216
2.54999999999999	0.577246945254049	0.557683717391426	1.81556908744563	1.83005353523522	-0.549636867904328	-0.830053535235216
2.55999999999999	0.571119318983283	0.549355436427136	1.82131195587829	1.8355887771314	-0.674090245435022	-0.835588777131402
2.56999999999999	0.563801103161625	0.540972220376998	1.82698750519346	1.8410404608462	-0.787754778082784	-0.841040460846196
2.57999999999999	0.555400186237904	0.53253490755563	1.83258436893785	1.84640804121577	-0.890630465847615	-0.84640804121577
2.58999999999999	0.546024456660949	0.524044341687286	1.8380922595427	1.85169098148656	-0.982717308729515	-0.85169098148656
2.59999999999999	0.53578180287959	0.515501371821474	1.84350196832372	1.85688875336894	-1.06401530672848	-0.856888753368941
2.60999999999999	0.524780113342657	0.506906852248063	1.84880536548111	1.86200083709006	-1.13452445984452	-0.862000837090058
2.61999999999999	0.513127276498977	0.498261642411849	1.85399540009955	1.8670267214458	-1.19424476807762	-0.867026721445797
2.62999999999999	0.500931180797381	0.48956660682661	1.85906610014823	1.87196590385191	-1.2431762314278	-0.871965903851911
2.63999999999999	0.488299714686698	0.480822614988659	1.8640125724808	1.87681789039428	-1.28131884989504	-0.876817890394275
2.64999999999999	0.475340766615757	0.472030541289894	1.86883100283543	1.88158219587828	-1.30867262347935	-0.88158219587828
2.65999999999999	0.462162225033388	0.463191264930357	1.87351865583475	1.88625834387735	-1.32523755218073	-0.886258343877346
2.66999999999999	0.44887197838842	0.454305669830318	1.87807387498589	1.89084586678057	-1.33101363599917	-0.890845866780571
2.67999999999999	0.435577915129682	0.445374644541883	1.88249608268047	1.89534430583949	-1.32600087493469	-0.895344305839486
2.68999999999999	0.422387923706003	0.436399082160138	1.8867857801946	1.89975321121394	-1.31019926898727	-0.899753211213935
2.69999999999999	0.409409892566213	0.427379880233842	1.89094454768887	1.90407214201706	-1.28360881815692	-0.904072142017055
2.70999999999999	0.396751710159142	0.418317940675671	1.89497504420837	1.90830066635936	-1.24622952244364	-0.908300666359364
2.71999999999999	0.384521264933617	0.40921416967203	1.89888100768266	1.91243836139195	-1.19806138184743	-0.912438361391952
2.72999999999999	0.37282644533847	0.400069477592433	1.90266725492581	1.91648481334876	-1.13910439636829	-0.916484813348764
2.73999999999999	0.361775139822529	0.390884778898466	1.90633968163636	1.92043961758798	-1.06935856600621	-0.920439617587975
2.74999999999999	0.351475236834623	0.381660992052345	1.90990526239735	1.92430237863246	-0.988823890761206	-0.924302378632458
2.75999999999999	0.342034624823581	0.372399039425069	1.91337205067631	1.92807271020933	-0.897500370633267	-0.928072710209327
2.76999999999998	0.333561192238234	0.363099847204182	1.91674917882524	1.93175023528857	-0.795388005622398	-0.931750235288567
2.77999999999998	0.32616282752741	0.353764345301157	1.92004685808065	1.93533458612073	-0.682486795728596	-0.935334586120733
2.78999999999998	0.319947419139939	0.344393467258405	1.92327637856353	1.93882540427373	-0.558796740951863	-0.938825404273731
2.79999999999998	0.31502285552465	0.33498815015592	1.92645010927936	1.94222234066865	-0.424317841292199	-0.942222340668653
2.80999999999998	0.311497025130372	0.325549334517575	1.9295814981181	1.94552505561469	-0.279050096749604	-0.945525055614691
2.81999999999998	0.309477816405934	0.316077964217069	1.9326850718542	1.9487332188431	-0.122993507324076	-0.948733218843102
2.82999999999998	0.308955455099614	0.306574986383539	1.93577633547473	1.95184650954024	-0.0478224021863889	-0.951846509540237
2.83999999999998	0.307573212324116	0.297041351306848	1.93886046889932	1.95486461637962	-0.226632898466241	-0.954864616379622
2.84999999999998	0.304462662219227	0.287478012342561	1.94192203869678	1.95778723755309	-0.39348386806466	-0.957787237553085
2.85999999999998	0.299743400051761	0.277885925816603	1.94494435977016	1.96061408080095	-0.548375310981647	-0.960614080800948
2.86999999999998	0.293535021088533	0.268266050929635	1.94791194297516	1.96334486344124	-0.691307227217201	-0.963344863441239
2.87999999999998	0.285957120596356	0.258619349661128	1.95081049512017	1.96597931239797	-0.822279616771324	-0.96597931239797
2.88999999999998	0.277129293842045	0.24894678667317	1.95362691896622	1.96851716422844	-0.941292479644014	-0.968517164228442
2.89999999999998	0.267171136092414	0.239249329214	1.95634931322702	1.97095816514959	-1.04834581583527	-0.970958165149586
2.90999999999998	0.256202242614278	0.229527947021282	1.95896697256897	1.97330207106334	-1.1434396253451	-0.973302071063344
2.91999999999998	0.244342208674451	0.219783612225135	1.9614703876111	1.97554864758108	-1.22657390817349	-0.975548647581079
2.92999999999998	0.231710629539747	0.210017299250917	1.96385124492514	1.97769767004701	-1.29774866432045	-0.977697670047009
2.93999999999998	0.21842710047698	0.200229984721789	1.96610242703547	1.97974892356068	-1.35696389378598	-0.979748923560681
2.94999999999998	0.204611216752966	0.190422647361046	1.96821801241914	1.98170220299845	-1.40421959657008	-0.98170220299845
2.95999999999998	0.190382573634517	0.180596267894252	1.97019327550588	1.983557313034	-1.43951577267274	-0.983557313034003
2.96999999999998	0.17586076638845	0.170751828951165	1.97202468667808	1.98531406815788	-1.46285242209397	-0.98531406815788
2.97999999999998	0.161165390281577	0.160890314967475	1.97370991227078	1.98697229269603	-1.47422954483377	-0.986972292696034
2.98999999999998	0.146416040580713	0.151012712086364	1.97524781457173	1.98853182082739	-1.47364714089214	-0.988531820827393
2.99999999999998	0.131732312552673	0.141120008059887	1.97663845182131	1.98999249660044	-1.46110521026907	-0.989992496600443
3.00999999999998	0.11723380146427	0.131213192150204	1.97788307821258	1.99135417394882	-1.43660375296457	-0.991354173948823
3.01999999999998	0.10304010258232	0.12129325503065	1.97898414389128	1.99261671670593	-1.40014276897864	-0.992616716705935
3.02999999999998	0.0892708111736362	0.11136118868667	1.9799452949558	1.99377999861855	-1.35172225831128	-0.993779998618553
3.03999999999998	0.0760455225050332	0.101417986316623	1.98077137345722	1.99484390335946	-1.29134222096248	-0.994843903359457
3.04999999999998	0.0634838318433252	0.091464642232458	1.98146841739926	1.99580832453906	-1.21900265693226	-0.995808324539059
3.05999999999998	0.0517053344553268	0.0815021517602904	1.98204366073833	1.99667316571604	-1.1347035662206	-0.996673165716045
3.06999999999998	0.0408296256078519	0.071531511140865	1.9825055333835	1.99743834040702	-1.03844494882751	-0.997438340407017
3.07999999999998	0.0309763005677151	0.0615537174299349	1.98286366119651	1.99810377209514	-0.930226804752981	-0.998103772095144
3.08999999999998	0.0222649546017307	0.0515697683985564	1.98312886599177	1.99866939423781	-0.810049133997024	-0.998669394237812
3.09999999999998	0.0148151829767131	0.0415806624333127	1.98331316553635	1.99913515027328	-0.677911936559636	-0.999135150273279
3.10999999999998	0.00874658095947645	0.0315873984364761	1.98342977355	1.99950099362633	-0.533815212440815	-0.999500993626327
3.11999999999998	0.00417874381683514	0.0215909757261186	1.98349309970512	1.99976688771293	-0.377758961640562	-0.999766887712928
3.12999999999998	0.00123126681560337	0.0115923939361809	1.9835187496268	1.99993280594389	-0.209743184158875	-0.999932805943894
3.13999999999998	2.37452225958501E-05	0.00159265291650992	1.98352352489279	1.99999873172754	-0.0297678799957568	-0.99999873172754
3.14999999999998	-0.000652084058992721	-0.00840724736712553	1.98352170177842	1.99996465847134	-0.153713541956956	-0.999964658471342
3.15999999999998	-0.00305831202130683	-0.0184063069330303	1.98350458167514	1.9998305895826	-0.325538796058971	-0.999830589582599
3.16999999999998	-0.0071229948912339	-0.0284035258835803	1.98345500735497	1.99959653846809	-0.485404523479554	-0.999596538468086
3.17999999999998	-0.0127265374019596	-0.0383979045052114	1.98335699224518	1.99926252853272	-0.633310724218704	-0.999262528532722
3.18999999999998	-0.0197493442866696	-0.0483884433683902	1.98319574572569	1.99882859317722	-0.769257398276422	-0.99882859317722
3.19999999999998	-0.0280718202785496	-0.0583741434275557	1.98295767312909	1.99829477579475	-0.893244545652708	-0.998294775794754
3.20999999999998	-0.0375743701107853	-0.0683540061210234	1.98263037574065	1.99766112976662	-1.00527216634756	-0.997661129766619
3.21999999999998	-0.0481373985165623	-0.0783270334708405	1.98220265079829	1.99692771845689	-1.10534026036098	-0.996927718456889
3.22999999999998	-0.0596413102290664	-0.0882922281825828	1.98166449149263	1.99609461520608	-1.19344882769297	-0.996094615206083
3.23999999999997	-0.0719665099814831	-0.0982485937450835	1.98100708696691	1.99516190332383	-1.26959786834353	-0.995161903323833
3.24999999999997	-0.0849934025069983	-0.108195134530083	1.98022282231709	1.99412967608055	-1.33378738231265	-0.994129676080549
3.25999999999997	-0.0986023925387975	-0.118130855891792	1.97930527859175	1.9929980366981	-1.38601736960034	-0.992998036698096
3.26999999999997	-0.112673884810066	-0.128054764266354	1.97824923279218	1.99176709833947	-1.4262878302066	-0.991767098339468
3.27999999999997	-0.127088284053991	-0.137965867271201	1.97705065787231	1.99043698409748	-1.45459876413143	-0.990436984097477
3.28999999999997	-0.141725995003756	-0.147863173804293	1.97570672273875	1.98900782698244	-1.47095017137483	-0.989007826982437
3.29999999999997	-0.156467422392549	-0.157745694143222	1.97421579225077	1.98747976990887	-1.47534205193679	-0.987479769908869
3.30999999999997	-0.171192970953553	-0.167612440044192	1.97257742722032	1.98585296568121	-1.46777440581732	-0.985852965681208
3.31999999999997	-0.185783045419956	-0.177462424840834	1.97079238441202	1.98412757697852	-1.44824723301642	-0.984127576978519
3.32999999999997	-0.200118050524943	-0.187294663542877	1.96886261654313	1.98230377633824	-1.41676053353408	-0.982303776338237
3.33999999999997	-0.214078391001699	-0.197108172934643	1.96679127228361	1.9803817461389	-1.37331430737032	-0.980381746138904
3.34999999999997	-0.227544471583411	-0.206901971673373	1.96458269625608	1.97836167858194	-1.31790855452512	-0.97836167858194
3.35999999999997	-0.240396697003263	-0.216675080387353	1.96224242903582	1.97624377567242	-1.25054327499849	-0.976243775672416
3.36999999999997	-0.252515471994442	-0.226426521773856	1.95977720715078	1.97402824919886	-1.17121846879043	-0.974028249198858
3.37999999999997	-0.263781201290133	-0.23615532069687	1.95719496308158	1.97171532071207	-1.07993413590093	-0.971715320712069
3.38999999999997	-0.274074289623522	-0.245860504284609	1.95450482526151	1.96930522150297	-0.976690276330001	-0.969305221502968
3.39999999999997	-0.283275141727794	-0.255541102026804	1.95171711807654	1.96679819257947	-0.861486890077642	-0.966798192579468
3.40999999999997	-0.291264162336136	-0.265196145871746	1.94884336186528	1.96419448464237	-0.734323977143849	-0.964194484642373
3.41999999999997	-0.297921756181733	-0.274824670323096	1.94589627291903	1.96149435806031	-0.595201537528625	-0.961494358060307
3.42999999999997	-0.30312832799777	-0.284425712536434	1.94288976348174	1.95869808284368	-0.444119571231967	-0.958698082843677
3.43999999999997	-0.306764282517434	-0.29399831241554	1.93983894175006	1.95580593861767	-0.281078078253878	-0.955805938617675
3.44999999999997	-0.308710024473909	-0.303541512708401	1.93676011187327	1.95281821459431	-0.106077058594357	-0.952818214594314
3.45999999999997	-0.309168531005987	-0.313054359102942	1.93367031723506	1.94973520954351	-0.0710190726887805	-0.949735209543505
3.46999999999997	-0.310685178276604	-0.32253590032245	1.93057237779838	1.94655723176319	-0.230512240620856	-0.946557231763186
3.47999999999997	-0.313742813002127	-0.331985188220706	1.92745147704467	1.94328459904849	-0.37921656367	-0.943284599048486
3.48999999999997	-0.318233546733728	-0.341401277876792	1.92429274454165	1.93991763865995	-0.517132041836212	-0.939917638659948
3.49999999999997	-0.324049491022575	-0.350783227689591	1.92108238874148	1.93645668729081	-0.644258675119493	-0.936456687290807
3.50999999999997	-0.331082757419841	-0.36013009947194	1.91780769698083	1.93290209103331	-0.760596463519842	-0.932902091033315
3.51999999999997	-0.339225457476695	-0.369440958544448	1.91445703548088	1.92925420534413	-0.866145407037259	-0.929254205344135
3.52999999999997	-0.348369702744309	-0.378714873828969	1.91101984934726	1.9255133950088	-0.960905505671745	-0.925513395008796
3.53999999999997	-0.358407604773853	-0.387950917941701	1.90748666257012	1.92168003410522	-1.0448767594233	-0.921680034105216
3.54999999999997	-0.369231275116498	-0.397148167285931	1.90384907802408	1.91775450596629	-1.11805916829192	-0.917754505966288
3.55999999999997	-0.380732825323415	-0.406305702144388	1.90009977746824	1.91373720314156	-1.18045273227761	-0.913737203141558
3.56999999999997	-0.392804366945773	-0.415422606771217	1.89623252154622	1.90962852735796	-1.23205745138037	-0.909628527357958
3.57999999999997	-0.405338011534745	-0.424497969483553	1.89224214978611	1.90542888947964	-1.2728733256002	-0.905428889479643
3.58999999999997	-0.4182258706415	-0.433530882752688	1.88812458060047	1.9011387094669	-1.30290035493709	-0.901138709466903
3.59999999999997	-0.43136005581721	-0.442520443294823	1.88387681128638	1.89675841633416	-1.32213853939106	-0.896758416334162
3.60999999999997	-0.444632678613045	-0.451465752161394	1.87949691802539	1.89228844810708	-1.33058787896209	-0.892288448107083
3.61999999999997	-0.457935850580175	-0.460365914828969	1.87498405588355	1.88772925177877	-1.32824837365019	-0.887729251778765
3.62999999999997	-0.471161683269772	-0.469220041288698	1.87033845881138	1.88308128326504	-1.31512002345536	-0.883081283265042
3.63999999999997	-0.484202288233005	-0.478027246135313	1.86556143964391	1.87834500735889	-1.2912028283776	-0.87834500735889
3.64999999999997	-0.496949777021046	-0.48678664865567	1.86065539010064	1.87352089768395	-1.25649678841691	-0.873520897683954
3.65999999999997	-0.509296261185066	-0.495497372916815	1.85562378078557	1.86860943664718	-1.21100190357328	-0.868609436647182
3.66999999999997	-0.521133852276235	-0.504158547853582	1.85047116118718	1.86361111539058	-1.15471817384672	-0.863611115390583
3.67999999999997	-0.532354661845724	-0.512769307355694	1.84520315967845	1.85852643374212	-1.08764559923723	-0.858526433742119
3.68999999999997	-0.542850801444703	-0.521328790354377	1.83982648351683	1.85335590016572	-1.00978417974481	-0.853355900165718
3.69999999999997	-0.552514382624343	-0.529836140908464	1.83434891884429	1.84810003171043	-0.92113391536946	-0.848100031710427
3.70999999999996	-0.561237516935815	-0.538290508289988	1.82877933068724	1.84275935395871	-0.821694806111176	-0.842759353958712
3.71999999999996	-0.56891231593029	-0.546691047069257	1.82312766295663	1.8373344009739	-0.711466851969961	-0.837334400973899
3.72999999999996	-0.575430891158938	-0.555036917199394	1.81740493844786	1.83182571524677	-0.590450052945814	-0.831825715246765
3.73999999999996	-0.58068535417293	-0.56332728410034	1.81162325884083	1.82623384764129	-0.458644409038735	-0.826233847641292
3.74999999999996	-0.584567816523436	-0.571561318742314	1.80579580469994	1.82055935733958	-0.316049920248725	-0.820559357339581
3.75999999999996	-0.586970389761627	-0.579738197728713	1.79993683547407	1.81480281178593	-0.162666586575782	-0.814802811785933
3.76999999999996	-0.587785305327952	-0.587857103378453	1.79406168949303	1.80896478663011	-0.00119416916454092	-0.808964786630107
3.77999999999996	-0.588455060528971	-0.595917223807735	1.78818157212782	1.80304586566975	-0.131329858409668	-0.803045865669753
3.78999999999996	-0.590383362243556	-0.603917753011231	1.78228839312741	1.79704664079203	-0.252903471877807	-0.797046640792034
3.79999999999996	-0.593484589713937	-0.61185789094269	1.77636999513043	1.79096771191444	-0.36591500956896	-0.790967711914439
3.80999999999996	-0.597673122182345	-0.619736843594934	1.77041507698313	1.78480968692479	-0.470364471483126	-0.784809686924791
3.81999999999996	-0.602863338891009	-0.627553823079264	1.76441319373932	1.77857318162046	-0.566251857620304	-0.778573181620456
3.82999999999996	-0.608969619082161	-0.635308047704247	1.75835475666037	1.77225881964677	-0.653577167980495	-0.772258819646768
3.83999999999996	-0.615906341998029	-0.64299874205388	1.75223103321526	1.76586723243466	-0.7323404025637	-0.765867232434662
3.84999999999996	-0.623587886880844	-0.650625137065138	1.74603414708052	1.75939905913753	-0.802541561369917	-0.759399059137533
3.85999999999996	-0.631928632972837	-0.658186470104876	1.73975707814028	1.75285494656732	-0.864180644399147	-0.75285494656732
3.86999999999996	-0.640842959516237	-0.66568198504609	1.73339366248623	1.74623554912983	-0.91725765165139	-0.746235549129829
3.87999999999996	-0.650245245753274	-0.673110932343533	1.72693859241764	1.73954152875928	-0.961772583126646	-0.739541528759284
3.88999999999996	-0.66004987092618	-0.680472569108665	1.72038741644138	1.73277355485215	-0.997725438824914	-0.732773554852147
3.89999999999996	-0.670171214277182	-0.687766159183945	1.71373653927186	1.72593230420017	-1.0251162187462	-0.725932304200167
3.90999999999996	-0.680523655048513	-0.694990973216444	1.7069832218311	1.71901846092271	-1.04394492289049	-0.719018460922709
3.91999999999996	-0.691021572482402	-0.702146288730777	1.70012558124868	1.71203271639834	-1.0542115512578	-0.712032716398338
3.92999999999996	-0.701579345821079	-0.709231390201358	1.69316259086177	1.70497576919569	-1.05591610384812	-0.704975769195686
3.93999999999996	-0.712111354306774	-0.716245569123943	1.6860940802151	1.69784832500359	-1.04905858066145	-0.697848325003592
3.94999999999996	-0.722531977181717	-0.723188124086484	1.678920735061	1.69065109656054	-1.0336389816978	-0.690651096560537
3.95999999999996	-0.732755593688139	-0.730058360839272	1.67164409735936	1.68338480358337	-1.00965730695716	-0.683384803583366
3.96999999999996	-0.74269658306827	-0.736855592364356	1.66426656527766	1.67605017269532	-0.977113556439528	-0.676050172695322
3.97999999999996	-0.752269324564339	-0.743579138944247	1.65679139319095	1.66864793735338	-0.936007730144913	-0.668647937353382
3.98999999999996	-0.761388197418578	-0.750228328229892	1.64922269168185	1.66117883777491	-0.88633982807331	-0.661178837774911
3.99999999999996	-0.769967580873215	-0.756802495307901	1.64156542754057	1.65364362086364	-0.828109850224721	-0.653643620863643
4.00999999999996	-0.777921854170482	-0.763300982767047	1.63382542376491	1.64604304013499	-0.761317796599142	-0.64604304013499
4.01999999999996	-0.785165396552608	-0.769723140763998	1.62600935956021	1.63837785564069	-0.685963667196577	-0.638377855640691
4.02999999999996	-0.791612587261824	-0.776068327088306	1.61812477033943	1.63064883389281	-0.602047462017026	-0.630648833892808
4.03999999999996	-0.797177805540358	-0.782335907226627	1.61018004772308	1.62285674778707	-0.509569181060488	-0.622856747787074
4.04999999999996	-0.801775430630443	-0.788525254426169	1.60218443953925	1.61500237652561	-0.408528824326963	-0.615002376525607
4.05999999999996	-0.805319841774308	-0.794635749757372	1.59414804982363	1.60708650553899	-0.29892639181645	-0.607086505538988
4.06999999999996	-0.807725418214182	-0.800666782175792	1.58608183881945	1.59910992640772	-0.180761883528951	-0.599109926407719
4.07999999999996	-0.808906539192297	-0.806617748583215	1.57799762297755	1.59107343678307	-0.0540352994644646	-0.591073436783066
4.08999999999996	-0.809166885140111	-0.812488053887959	1.56990730602222	1.58297784030729	-0.0502350800760853	-0.582977840307294
4.09999999999996	-0.810075524394879	-0.818277111064386	1.56181176348698	1.5748239465333	-0.130576572371099	-0.574823946533304
4.10999999999996	-0.811760092617405	-0.823984341211601	1.55370320910443	1.56661257084368	-0.205420873627612	-0.56661257084368
4.11999999999996	-0.814165617897303	-0.829609173611347	1.54557415844445	1.55834453436915	-0.274767983845623	-0.558344534369146
4.12999999999996	-0.817237128324188	-0.83515104578507	1.537417676796	1.55002066390646	-0.338617903025132	-0.550020663906461
4.13999999999996	-0.820919651987677	-0.840609403550171	1.52922737916717	1.54164179183574	-0.396970631166141	-0.541641791835735
4.14999999999996	-0.825158216977383	-0.845983701075423	1.52099743028516	1.53320875603719	-0.449826168268647	-0.533208756037192
4.15999999999996	-0.829897851382921	-0.851273400935551	1.51272254459624	1.52472239980738	-0.497184514332653	-0.524722399807384
4.16999999999996	-0.835083583293907	-0.856477974164978	1.50439798626581	1.51618357177486	-0.539045669358157	-0.516183571774863
4.17999999999996	-0.840660440799956	-0.861596900310718	1.49601956917838	1.50759312581532	-0.575409633345159	-0.507593125815316
4.18999999999996	-0.846573451990682	-0.866629667484422	1.48758365693753	1.49895192096618	-0.606276406293661	-0.49895192096618
4.19999999999995	-0.8527676449557	-0.871575772413566	1.47908716286598	1.49026082134074	-0.63164598820366	-0.490260821340739
4.20999999999995	-0.859188047784627	-0.87643472049178	1.47052755000554	1.48152069604171	-0.651518379075159	-0.481520696041713
4.21999999999995	-0.865779688567075	-0.881206025828304	1.46190283111711	1.47273241907435	-0.665893578908155	-0.47273241907435
4.22999999999995	-0.872487595392661	-0.885889211296581	1.45321156868072	1.46389686925902	-0.674771587702651	-0.463896869259021
4.23999999999995	-0.879256796350999	-0.890483808581968	1.44445287489549	1.45501493014335	-0.678152405458645	-0.455014930143346
4.24999999999995	-0.886032319531705	-0.894989358228563	1.43562641167963	1.44608748991383	-0.676036032176137	-0.446087489913834
4.25999999999995	-0.892759193024393	-0.899405409685157	1.42673239067048	1.43711544130707	-0.668422467855129	-0.437115441307069
4.26999999999995	-0.899382444918679	-0.903731521350286	1.41777157322447	1.42809968152044	-0.655311712495619	-0.428099681520436
4.27999999999995	-0.905847103304177	-0.907967260616386	1.40874527041713	1.4190411121224	-0.636703766097607	-0.419041112122398
4.28999999999995	-0.912098196270503	-0.912112203913061	1.39965534304312	1.40994063896235	-0.612598628661094	-0.409940638962349
4.29999999999995	-0.91808075190727	-0.916165936749436	1.39050420161616	1.40079917208002	-0.582996300186079	-0.400799172080019
4.30999999999995	-0.923739798304096	-0.920128053755605	1.3812948063691	1.39161762561448	-0.547896780672564	-0.391617625614479
4.31999999999995	-0.929020363550593	-0.92399815872317	1.37203066725391	1.38239691771272	-0.507300070120546	-0.382396917712725
4.32999999999995	-0.933867475736378	-0.927775864644858	1.36271584394163	1.37313797043786	-0.461206168530027	-0.373137970437862
4.33999999999995	-0.938226162951065	-0.931460793753225	1.35335494582242	1.3638417096769	-0.409615075901008	-0.363841709676903
4.34999999999995	-0.94204145328427	-0.935052577558432	1.34395313200555	1.35450906504818	-0.352526792233486	-0.354509065048177
4.35999999999995	-0.945258374825607	-0.938550856885091	1.33451611131937	1.34514096980837	-0.289941317527463	-0.345140969808369
4.36999999999995	-0.947821955664691	-0.941955281908185	1.32505014231137	1.3357383607592	-0.221858651782938	-0.335738360759197
4.37999999999995	-0.949677223891137	-0.945265512188047	1.31556203324812	1.32630217815373	-0.148278794999913	-0.32630217815373
4.38999999999995	-0.95076920759456	-0.94848121670441	1.3060591421153	1.31683336560236	-0.0692017471783855	-0.316833365602365
4.39999999999995	-0.951061161107625	-0.951602073889501	1.29654936586738	1.30733286997847	-0.0052376370431783	-0.307332869978467
4.40999999999995	-0.951257474184672	-0.954627771660202	1.28703800995459	1.29780164132368	-0.0337092778762303	-0.297801641323681
4.41999999999995	-0.95172903265535	-0.957558007449257	1.27752329889904	1.28824063275293	-0.0602867157692972	-0.288240632752929
4.42999999999995	-0.952456894490258	-0.960392488235529	1.26800257495693	1.2786508003591	-0.0849699507223791	-0.278650800359102
4.43999999999995	-0.953422117659998	-0.963130930573303	1.25847336980478	1.26903310311745	-0.107758982735476	-0.269033103117448
4.44999999999995	-0.954605760135168	-0.965773060620626	1.24893340453938	1.25938850278968	-0.128653811808588	-0.259388502789675
4.45999999999995	-0.955988879886369	-0.968318614166695	1.23938058967783	1.24971796382778	-0.147654437941715	-0.24971796382778
4.46999999999995	-0.957552534884202	-0.970767336658276	1.2298130251575	1.2400224532776	-0.164760861134857	-0.240022453277599
4.47999999999995	-0.959277783099267	-0.973118983225162	1.22022900033609	1.23030294068211	-0.179973081388014	-0.230302940682109
4.48999999999995	-0.961145682502162	-0.975373318704655	1.21062699399156	1.22056039798447	-0.193291098701185	-0.220560397984469
4.49999999999995	-0.96313729106349	-0.977530117665086	1.20100567432218	1.21079579943083	-0.204714913074372	-0.21079579943083
4.50999999999995	-0.96523366675385	-0.979589164428357	1.19136389894652	1.20101012147291	-0.214244524507574	-0.201010121472911
4.51999999999995	-0.967415867543842	-0.981550253091506	1.18170071490344	1.19120434267035	-0.221879933000791	-0.191204342670352
4.52999999999995	-0.969664951404066	-0.983413187547301	1.17201535865208	1.18137944359286	-0.227621138554023	-0.181379443592863
4.53999999999995	-0.971961976305122	-0.98517778150385	1.16230725607189	1.17153640672216	-0.231468141167269	-0.171536406722163
4.54999999999995	-0.974288000217611	-0.986843858503228	1.15257602246261	1.16167621635374	-0.233420940840531	-0.161676216353738
4.55999999999995	-0.976624081112133	-0.988411251939122	1.14282146254426	1.15179985849841	-0.233479537573808	-0.151799858498407
4.56999999999995	-0.978951276959287	-0.989879805073496	1.13304357045719	1.14190832078373	-0.2316439313671	-0.141908320783726
4.57999999999995	-0.981250645729675	-0.99124937105226	1.123242529762	1.13200259235522	-0.227914122220406	-0.132002592355223
4.58999999999995	-0.983503245393895	-0.992519812919957	1.11341871343962	1.12208366377749	-0.222290110133728	-0.122083663777486
4.59999999999995	-0.985690133922549	-0.993691003633458	1.10357268389124	1.11215252693511	-0.214771895107065	-0.112152526935108
4.60999999999995	-0.987792369286236	-0.99476282607467	1.09370519293838	1.1022101749335	-0.205359477140416	-0.102210174933496
4.61999999999995	-0.989791009455557	-0.99573517306224	1.08381718182283	1.09225760199957	-0.194052856233783	-0.0922576019995656
4.62999999999995	-0.991667112401112	-0.996607947362281	1.07390978120668	1.08229580338232	-0.180852032387165	-0.0822958033823164
4.63999999999995	-0.993401736093501	-0.997381061698089	1.06398431117232	1.07232577525331	-0.165757005600561	-0.0723257752533085
4.64999999999995	-0.994975938503323	-0.998054438758876	1.05404228122242	1.06234851460705	-0.148767775873973	-0.0623485146070466
4.65999999999995	-0.99637077760118	-0.998628011207496	1.04408539027996	1.05236501916128	-0.129884343207399	-0.0523650191612809
4.66999999999994	-0.997567311357671	-0.999101721687182	1.0341155266882	1.04237628725724	-0.109106707600841	-0.0423762872572365
4.67999999999994	-0.998546597743397	-0.999475522827282	1.02413476821071	1.03238331775978	-0.0864348690542975	-0.0323833177597798
4.68999999999994	-0.999289694728957	-0.999749377247993	1.01414538203134	1.02238710995753	-0.061868827567769	-0.0223871099575331
4.69999999999994	-0.999777660284952	-0.9999232575641	1.00414982475423	1.01238866346295	-0.0354085831412555	-0.0123886634629465
4.70999999999994	-0.999991552381982	-0.999997146387718	0.994150742403836	1.00238897811234	-0.007054135774757	-0.00238897811233749
4.71999999999994	-0.999915212763372	-0.999971036330025	0.98415096512805	0.992389053865908	0.022097247858507	0.00761094613409195
4.72999999999994	-0.999555835346536	-0.999844930002005	0.974153381843441	0.98238989070775	0.0494625350186907	0.0176101092922504
4.73999999999994	-0.998932276072798	-0.999618840014187	0.964160729027309	0.972392488545845	0.0749336192388895	0.0276075114541547
4.74999999999994	-0.998063476971558	-0.99929278897538	0.954175553788077	0.96239784711208	0.0985105005191032	0.0376021528879198
4.75999999999994	-0.996968380072216	-0.998866809490417	0.944200213813872	0.952406965862269	0.120193178859332	0.047593034137731
4.76999999999994	-0.995665927404171	-0.998340944156891	0.934236877372529	0.942420843876211	0.139981654259576	0.0575791561237893
4.77999999999994	-0.994175060996824	-0.997715245560897	0.924287523311587	0.932440479757782	0.157875926719834	0.0675595202422176
4.78999999999994	-0.992514722879575	-0.996989776271774	0.914353941058292	0.922466871535079	0.173875996240108	0.0775331284649211
4.79999999999994	-0.990703855081822	-0.996164608835846	0.904437730619597	0.912501016560611	0.187981862820397	0.0874989834393889
4.80999999999994	-0.988761399632967	-0.995239825769168	0.89454030258216	0.902543911411572	0.2001935264607	0.0974560885884283
4.81999999999994	-0.986706298562408	-0.994215519549278	0.884662878112344	0.892596551790178	0.210510987161019	0.107403448209822
4.82999999999994	-0.984557493899547	-0.993091792605942	0.87480648895622	0.882659932424103	0.218934244921353	0.117340067575897
4.83999999999994	-0.982333927673781	-0.99186875731092	0.864971977439563	0.872735046967002	0.225463299741702	0.127264953032998
4.84999999999994	-0.980054541914512	-0.990546535966721	0.855159996467856	0.862822887899151	0.230098151622065	0.137177112100849
4.85999999999994	-0.97773827865114	-0.989125260794379	0.845371009526287	0.852924446428196	0.232838800562444	0.147075553571804
4.86999999999994	-0.975404079913064	-0.987605073920225	0.83560529067975	0.843040712390035	0.233685246562838	0.156959287609965
4.87999999999994	-0.973070887729683	-0.98598612736168	0.825862924572844	0.833172674149837	0.232637489623246	0.166827325850163
4.88999999999994	-0.970757644130399	-0.984268583012052	0.816143806429876	0.823321318503201	0.22969552974367	0.176678681496799
4.89999999999994	-0.96848329114461	-0.982452612624344	0.806447642054858	0.813487630577484	0.224859366924109	0.186512369422516
4.90999999999994	-0.966266770801717	-0.980538397794081	0.796773947831508	0.803672593733282	0.218129001164563	0.196327406266718
4.91999999999994	-0.964127025131119	-0.978526129941151	0.78712205072325	0.793877189466101	0.209504432465031	0.206122810533899
4.92999999999994	-0.962082996162216	-0.976416010290663	0.777491088273214	0.784102397308205	0.198985660825515	0.215897602691795
4.93999999999994	-0.960153625924408	-0.974208249852823	0.767880008604236	0.774349194730664	0.186572686246014	0.225650805269336
4.94999999999994	-0.958357856447096	-0.971903069401835	0.758287570418858	0.764618557045608	0.172265508726527	0.235381442954392
4.95999999999994	-0.956714629759678	-0.969500699453824	0.748712342999328	0.754911457308698	0.156064128267056	0.245088542691302
4.96999999999994	-0.955242887891555	-0.967001380243782	0.7391527062076	0.745228866221816	0.1379685448676	0.254771133778184
4.97999999999994	-0.953961572872126	-0.964405361701547	0.729606850485335	0.735571752036004	0.117978758528159	0.264428247963996
4.98999999999994	-0.952889626730791	-0.96171290342681	0.720072776853898	0.725941080454632	0.0960947692487324	0.274058919545368
4.99999999999994	-0.952045991496951	-0.958924274663156	0.710548296914361	0.716337814536833	0.072316577029321	0.283662185463167
5.00999999999994	-0.951449609200005	-0.956039754271136	0.701031032847503	0.706762914601196	0.0466441818699248	0.293237085398804
5.01999999999994	-0.951119421869353	-0.953059630700387	0.691518417413807	0.697217338129736	0.0190775837705435	0.302782661870264
5.02999999999994	-0.951005451969692	-0.94998420196078	0.682007773322302	0.687702039672144	0.0294783014232916	0.312297960327856
5.03999999999994	-0.950297570042257	-0.946813775592629	0.672500577349041	0.678217970750338	0.111181885557255	0.321782029249662
5.04999999999994	-0.948800138228675	-0.943548668635927	0.663004453754411	0.668766079763306	0.187388278652716	0.331233920236694
5.05999999999994	-0.946568128439331	-0.94018920759865	0.653527023177721	0.65934731189227	0.258097480709677	0.34065268810773
5.06999999999994	-0.94365651258461	-0.936735728424101	0.644075356539176	0.649962609006169	0.323309491728136	0.350037390993831
5.07999999999994	-0.940120262574897	-0.933188576457321	0.634655975039879	0.64061290956747	0.383024311708093	0.35938709043253
5.08999999999994	-0.936014350320577	-0.929548106410549	0.625274850161827	0.631299148538326	0.437241940649549	0.368700851461674
5.09999999999994	-0.931393747732035	-0.925814682327757	0.615937403667915	0.622022257287079	0.485962378552504	0.377977742712921
5.10999999999994	-0.926313426719655	-0.921988677548241	0.606648507601933	0.612783163495123	0.529185625416958	0.387216836504877
5.11999999999994	-0.920828359193824	-0.918070474669293	0.597412484288567	0.603582791064137	0.56691168124291	0.396417208935863
5.12999999999994	-0.914993517064926	-0.914060465507933	0.588233106333401	0.594422060023699	0.59914054603036	0.405577939976301
5.13999999999993	-0.908863872243345	-0.909959051061738	0.579113596622911	0.585301886439277	0.62587221977931	0.414698113560723
5.14999999999993	-0.902494396639468	-0.905766641468732	0.570056628324475	0.576223182320631	0.647106702489758	0.423776817679369
5.15999999999993	-0.895940062163679	-0.901483655966383	0.561064324886362	0.567186855530607	0.662843994161704	0.432813144469393
5.16999999999993	-0.889255840726363	-0.897110522849671	0.55213826003774	0.558193809694354	0.673084094795149	0.441806190305646
5.17999999999993	-0.882496704237905	-0.892647679428264	0.543279457788672	0.54924494410896	0.677827004390093	0.45075505589104
5.18999999999993	-0.87571762460869	-0.888095571982785	0.534488392430118	0.540341153653527	0.677072722946535	0.459658846346473
5.19999999999993	-0.868973573749102	-0.883454655720184	0.525764988533934	0.531483328699682	0.670821250464476	0.468516671300318
5.20999999999993	-0.862319523569528	-0.878725394728222	0.51710862095287	0.522672355022537	0.659072586943916	0.477327644977463
5.21999999999993	-0.855810445980353	-0.873908261929055	0.508518114820575	0.513909113712118	0.641826732384854	0.486090886287882
5.22999999999993	-0.84950131289196	-0.86900373903195	0.499991745551594	0.505194481085254	0.619083686787291	0.494805518914746
5.23999999999993	-0.843447096214735	-0.864012316485108	0.491527238841366	0.496529328597944	0.590843450151227	0.503470671402056
5.24999999999993	-0.837702767859064	-0.858934493426627	0.483121770666228	0.487914522758217	0.557106022476661	0.512085477241783
5.25999999999993	-0.832323299735331	-0.853770777634579	0.474771967283412	0.479350925039478	0.517871403763593	0.520649074960522
5.26999999999993	-0.827363663753921	-0.84852168547624	0.466473905231047	0.470839391794362	0.473139594012025	0.529160608205638
5.27999999999993	-0.822878831825219	-0.843187741856454	0.458223111328158	0.462380774169101	0.422910593221955	0.537619225830899
5.28999999999993	-0.81892377585961	-0.837769480165135	0.450014562674666	0.453975918018409	0.367184401393384	0.546024081981591
5.29999999999993	-0.81555346776748	-0.832267442223939	0.441842686651388	0.445625663820896	0.305961018526311	0.554374336179104
5.30999999999993	-0.812822879459212	-0.826682178232075	0.433701360920037	0.437330846595024	0.239240444620736	0.562669153404976
5.31999999999993	-0.810786982845193	-0.821014246711287	0.425583913423223	0.429092295815603	0.167022679676661	0.570907704184397
5.32999999999993	-0.809500749835808	-0.815264214450004	0.417483122384452	0.420910835330846	0.089307723694084	0.579089164669154
5.33999999999993	-0.80901915234144	-0.80943265644666	0.409391216308124	0.412787283279983	0.00609557667300553	0.587212716720017
5.34999999999993	-0.808447769966999	-0.803520155852197	0.401302817892713	0.40472245201145	0.121280567677421	0.59527754798855
5.35999999999993	-0.806616552054556	-0.797527303911747	0.393226477487317	0.396717148001652	0.243536002181708	0.603282851998348
5.36999999999993	-0.803605590175955	-0.791454699905509	0.385174419331509	0.38877217177432	0.357229360909007	0.61122782822568
5.37999999999993	-0.799500505088966	-0.785302951088824	0.37715801276116	0.380888317820456	0.462360643859319	0.619111682179544
5.38999999999993	-0.794386917551359	-0.779072672631447	0.369187770904565	0.373066374518886	0.558929851032645	0.626933625481114
5.39999999999993	-0.788350448320903	-0.772764487556032	0.361273350682443	0.36530712405742	0.646936982428983	0.63469287594258
5.40999999999993	-0.781476718155369	-0.76637902667583	0.353423552807931	0.35761134235464	0.726382038048333	0.64238865764536
5.41999999999993	-0.773851347812527	-0.759916928531607	0.345646321786593	0.349979798982302	0.797265017890697	0.650020201017698
5.42999999999993	-0.765559958050146	-0.753378839327793	0.337948745916413	0.342413257088385	0.859585921956074	0.657586742911615
5.43999999999993	-0.756688169625996	-0.74676541286786	0.330337057287797	0.334912473320771	0.913344750244463	0.665087526679229
5.44999999999993	-0.747321603297847	-0.740077310488943	0.322816631783573	0.327478197751587	0.958541502755866	0.672521802248413
5.45999999999993	-0.737545879823469	-0.733315200995705	0.315391989078994	0.320111173802196	0.995176179490281	0.679888826197804
5.46999999999993	-0.727446619960632	-0.726479760593463	0.308066792641732	0.312812138168852	1.02324878044771	0.687187861831148
5.47999999999993	-0.717109444467105	-0.719571672820558	0.300843849731884	0.305581820749036	1.04275930562815	0.694418179250964
5.48999999999993	-0.706619974100659	-0.712591628480013	0.293725111401967	0.298420944568466	1.0537077550316	0.701579055431534
5.49999999999993	-0.696063829619063	-0.705540325570444	0.286711672496922	0.291330225708791	1.05609412865807	0.708669774291209
5.50999999999993	-0.685526631780088	-0.698418469216266	0.279803771654111	0.28431037323599	1.04991842650755	0.71568962676401
5.51999999999993	-0.675094001341503	-0.69122677159718	0.273000791303319	0.277362089129459	1.03518064858004	0.722637910870541
5.52999999999993	-0.664851559061078	-0.683965951876954	0.266301257666754	0.270486068211818	1.01188079487555	0.729513931788182
5.53999999999993	-0.654884925696582	-0.676636736131511	0.259702840759044	0.263682998079431	0.980018865394065	0.736317001920569
5.54999999999993	-0.645279722005787	-0.669239857276317	0.253202354387243	0.256953559033639	0.939594860135596	0.743046440966361
5.55999999999993	-0.636121568746461	-0.661776054993093	0.246795756150824	0.250298424012742	0.890608779100139	0.749701575987258
5.56999999999993	-0.627496086676374	-0.654246075655848	0.240478147441684	0.243718258524693	0.833060622287696	0.756281741475307
5.57999999999993	-0.619488896553297	-0.64665067225624	0.23424377344414	0.23721372058056	0.766950389698266	0.76278627941944
5.58999999999993	-0.612185619134999	-0.638990604328281	0.228086023134935	0.230785460628715	0.692278081331848	0.769214539371285
5.59999999999993	-0.60567187517925	-0.631266637872379	0.221997429283232	0.224434121489798	0.609043697188443	0.775565878510202
5.60999999999992	-0.600033285443821	-0.623479545278744	0.215969668450616	0.218160338292428	0.517247237268051	0.781839661707572
5.61999999999992	-0.595355470686479	-0.615630105250146	0.209993560991096	0.211964738409699	0.416888701570672	0.788035261590301
5.62999999999992	-0.591724051664997	-0.607719102724046	0.204059071051101	0.205847941396435	0.307968090096306	0.794152058603565
5.63999999999992	-0.589224649137143	-0.599747328794104	0.198155306569484	0.19981055892724	0.190485402844952	0.80018944107276
5.64999999999992	-0.587942883860688	-0.591715580631071	0.19227051927752	0.193853194735329	0.0644406398166115	0.806146805264671
5.65999999999992	-0.587564406849144	-0.583624661403069	0.186392789291677	0.187976444552159	0.0855717098010775	0.812023555447841
5.66999999999992	-0.585907008039901	-0.57547538019528	0.180524111065553	0.182180896047849	0.244109911233899	0.817819103952151
5.67999999999992	-0.582718171440743	-0.567268551929032	0.174679753923512	0.176467128772421	0.391859267783788	0.823532871227579
5.68999999999992	-0.578105785500501	-0.559004997280313	0.168874492801209	0.170835714097841	0.528819779450746	0.829164285902159
5.69999999999992	-0.572177738668005	-0.550685542597702	0.16312202374981	0.165287215160883	0.654991446234772	0.834712784839117
5.70999999999992	-0.565041919392083	-0.542311019819735	0.157434963935994	0.159822186806817	0.770374268135866	0.840177813193183
5.71999999999992	-0.556806216121564	-0.53388226639171	0.151824851641951	0.154441175533924	0.874968245154029	0.845558824466076
5.72999999999992	-0.547578517305279	-0.525400125181946	0.146302146265382	0.149144719438849	0.96877337728926	0.850855280561151
5.73999999999992	-0.537466711392056	-0.516865444397496	0.140876228319502	0.143933348162785	1.05178966454156	0.856066651837215
5.74999999999992	-0.526578686830725	-0.508279077499326	0.135555399433035	0.138807582838519	1.12401710691093	0.861192417161481
5.75999999999992	-0.515022332070114	-0.49964188311697	0.130346882350218	0.133767936038311	1.18545570439736	0.866232063961689
5.76999999999992	-0.502905535559054	-0.49095472496267	0.125256820930801	0.128814911722641	1.23610545700087	0.871185088277359
5.77999999999992	-0.490336185746374	-0.482218471745001	0.120290280150043	0.123949005189814	1.27596636472144	0.876050994810186
5.78999999999992	-0.477422171080902	-0.473433997082005	0.115451246098716	0.119170703026428	1.30503842755908	0.880829296973572
5.79999999999992	-0.464271380011469	-0.464602179413827	0.110742625983105	0.114480483058718	1.32332164551379	0.885519516941282
5.80999999999992	-0.450991700986904	-0.455723901914876	0.106166248125004	0.109878814304771	1.33081601858557	0.890121185695229
5.81999999999992	-0.437691022456035	-0.446800052405502	0.101722861961721	0.105366156927628	1.32752154677442	0.894633843072372
5.82999999999992	-0.424477232867692	-0.437831523263219	0.0974121380460752	0.100942962189267	1.31343823008033	0.899057037810733
5.83999999999992	-0.411458220670705	-0.428819211333468	0.0932326680463964	0.0966096724054755	1.28856606850331	0.903390327594525
5.84999999999992	-0.398741874313903	-0.419764017839932	0.0891819647465273	0.0923667209016203	1.25290506204336	0.90763327909838
5.85999999999992	-0.386436082246115	-0.410666848294415	0.0852564620458219	0.0882145319693166	1.20645521070048	0.911785468030683
5.86999999999992	-0.37464873291617	-0.401528612406289	0.0814515149591457	0.0841535208239973	1.14921651447467	0.915846479176003
5.87999999999992	-0.363487714772898	-0.392350223991528	0.0777613996168763	0.0801840935633926	1.08118897336593	0.919815906436607
5.88999999999992	-0.353060916265129	-0.383132600881326	0.0741793132649029	0.0763066471269209	1.00237258737425	0.923693352873079
5.89999999999992	-0.34347622584169	-0.373876664830312	0.0706973742646262	0.0725215692559946	0.912767356499645	0.927478430744005
5.90999999999992	-0.334841531951412	-0.364583341424377	0.0673066220929587	0.0688292384552467	0.812373280742107	0.931170761544753
5.91999999999992	-0.327264723043125	-0.355253559988119	0.0639970173423248	0.0652300239546801	0.701190360101637	0.93476997604532
5.92999999999992	-0.320853687565657	-0.345888253491906	0.0607574417206603	0.0617242856727457	0.579218594578235	0.938275714327254
5.93999999999992	-0.315716313967837	-0.336488358458582	0.0575756980514129	0.0583123741803502	0.446457984171901	0.94168762581965
5.94999999999992	-0.311960490698495	-0.327054814869819	0.0544385102735421	0.0549946306657996	0.302908528882636	0.9450053693342
5.95999999999992	-0.309694106206461	-0.317588566072113	0.0513315234415188	0.0517713869006805	0.148570228710438	0.94822861309932
5.96999999999992	-0.309012543909196	-0.308090558682457	0.0482393077841437	0.0486429652066834	0.00913419879471937	0.951357034793317
5.97999999999992	-0.308457991552685	-0.298561742493673	0.0451511872421669	0.0456096784233709	0.101277958895739	0.954390321576629
5.98999999999992	-0.306996951003516	-0.289003070379441	0.042073169580399	0.0426718298768933	0.190431837326401	0.957328170123107
5.99999999999992	-0.304659321078392	-0.279415498199006	0.0390141701866832	0.0398297133496573	0.276595834086704	0.960170286650343
6.00999999999992	-0.301475000594016	-0.269799984701597	0.0359828054606955	0.0370836130509471	0.35976994917665	0.962916386949053
6.01999999999992	-0.297473888367093	-0.26015749143055	0.0329873928139448	0.034433803588504	0.439954182596237	0.965566196411496
6.02999999999992	-0.292685883214326	-0.250488982627157	0.0300359506697732	0.0318805499410664	0.517148534345467	0.968119450058934
6.03999999999992	-0.287140883952419	-0.240795425134241	0.0271361984633556	0.0294241074318711	0.591353004424338	0.970575892568129
6.04999999999992	-0.280868789398074	-0.231077788299474	0.0242955566416998	0.027064721703122	0.662567592832851	0.972935278296878
6.05999999999992	-0.273899498367996	-0.221337043878442	0.0215211466636466	0.024802628691426	0.730792299571006	0.975197371308574
6.06999999999992	-0.266262909678889	-0.211574165937468	0.01881979099987	0.0226380546041991	0.796027124638803	0.977361945395801
6.07999999999991	-0.257988922147455	-0.201790130756212	0.0161980131328767	0.0205712158970461	0.858272068036242	0.979428784102954
6.08999999999991	-0.249107434590399	-0.191985916730039	0.0136620375570065	0.0186023192521155	0.917527129763323	0.981397680747884
6.09999999999991	-0.239648345824424	-0.18216250427218	0.0112177897784319	0.0167315615574311	0.973792309820046	0.983268438442569
6.10999999999991	-0.229641554666233	-0.172320875715695	0.00887089631515881	0.0149591298872032	1.02706760820641	0.985040870112797
6.11999999999991	-0.219116959932531	-0.162462015215239	0.00662668469702574	0.0132852014831218	1.07735302492242	0.986714798516878
6.12999999999991	-0.20810446044002	-0.152586908648646	0.00449018346570432	0.0117099437366327	1.12464855996807	0.988290056263367
6.13999999999991	-0.196633955005404	-0.142696543518344	0.00246612217469911	0.0102335141721975	1.16895421334336	0.989766485827802
6.14999999999991	-0.184735342445388	-0.132791908852603	0.00055893138934765	0.00885606043154263	1.21026998504829	0.991143939568457
6.15999999999991	-0.172438521576673	-0.122873995106636	-0.00122725731317956	0.00757772025889392	1.24859587508286	0.992422279741106
6.16999999999991	-0.159773391215965	-0.112943794063554	-0.0028886113438791	0.00639862148720349	1.28393188344708	0.993601378512797
6.17999999999991	-0.146769850179967	-0.103002298735184	-0.00442159710191452	0.00531888202536601	1.31627801014094	0.994681117974634
6.18999999999991	-0.133457797285382	-0.0930505032627764	-0.00582297997461641	0.00433860984642775	1.34563425516444	0.995661390153572
6.19999999999991	-0.119867131348913	-0.083089402817584	-0.00708982433748247	0.00345790297678983	1.37200061851758	0.99654209702321
6.20999999999991	-0.106027751187265	-0.0731199935013508	-0.00821949355417737	0.00267684948640523	1.39537710020036	0.997323150513595
6.21999999999991	-0.0919695556171412	-0.0631432722467005	-0.00920964997653281	0.00199552747997211	1.41576370021279	0.998004472520028
6.22999999999991	-0.0777224434552447	-0.0531602367174448	-0.0100582549445476	0.00141400508912337	1.43316041855486	0.998585994910877
6.23999999999991	-0.0633163135182792	-0.0431718852088174	-0.0107635687863875	0.000932340465613524	1.44756725522657	0.999067659534386
6.24999999999991	-0.0487810646229484	-0.0331792165476456	-0.0113241508183853	0.000550581775503489	1.45898421022792	0.999449418224497
6.25999999999991	-0.034146595585956	-0.0231832299924682	-0.0117388593450409	0.00026876719434421	1.46741128355891	0.999731232805656
6.26999999999991	-0.0194428052240054	-0.013184925133611	-0.0120068516590212	8.69249033588204E-05	1.47284847521955	0.999913075096641
6.27999999999991	-0.00469959235380019	-0.0031853017932277	-0.0121275840411601	5.07308662511807E-06	1.47529578520982	0.999994926913375
