0	0	0	0	0
0.01	0.00983631643083466	0.00999983333416666	4.91815821541733E-05	4.99995833347366E-05
0.02	0.0196726328616693	0.0199986666933331	0.000196726328616693	0.000199993333422244
0.03	0.029508949292504	0.0299955002024957	0.00044263423938756	0.000449966251012457
0.04	0.0393452657233386	0.0399893341866342	0.000786905314466773	0.000799893339022084
0.05	0.0491815821541733	0.0499791692706783	0.00122953955385433	0.00124973960503372
0.06	0.059017898585008	0.0599640064794446	0.00177053695755024	0.00179946006479581
0.07	0.0688542150158426	0.0699428473375328	0.00240989752555449	0.00244899974672042
0.08	0.0786905314466773	0.0799146939691727	0.00314762125786709	0.00319829369738056
0.09	0.0885268478775119	0.089878549198011	0.00398370815448804	0.00404726698800573
0.1	0.0983631643083466	0.0998334166468281	0.00491815821541733	0.00499583472197418
0.11	0.108199480739181	0.109778300837175	0.00595097144065497	0.00604390204330318
0.12	0.118035797170016	0.119712207288919	0.00708214783020095	0.00719136414613375
0.13	0.127872113600851	0.129634142619695	0.00831168738405528	0.00843810628521191
0.14	0.137708430031685	0.139543114644236	0.00963959010221796	0.00978400378736277
0.15	0.14754474646252	0.149438132473599	0.011065855984689	0.0112289220639578
0.16	0.157381062893355	0.159318206614246	0.0125904850314684	0.0127727166243731
0.17	0.167217379324189	0.169182349066996	0.0142134772425561	0.0144152330904392
0.18	0.177053695755024	0.179029573425824	0.0159348326179522	0.0161563072118786
0.19	0.186890012185859	0.188858894976501	0.0177545511576566	0.0179957648827297
0.2	0.196726328616693	0.198669330795061	0.0196726328616693	0.0199334221587584
0.21	0.206562645047528	0.2084598998461	0.0216890777299904	0.0219690852758517
0.22	0.216398961478363	0.218229623080869	0.0238038857626199	0.0241025506693945
0.23	0.226235277909197	0.227977523535188	0.0260170569595577	0.0263336049946252
0.24	0.236071594340032	0.237702626427135	0.0283285913208038	0.0286620251479704
0.25	0.245907910770866	0.247403959254523	0.0307384888463583	0.0310875782893553
0.26	0.255744227201701	0.257080551892155	0.0332467495362212	0.0336100218654868
0.27	0.265580543632536	0.266731436688831	0.0358533733903923	0.0362291036341095
0.28	0.27541686006337	0.276355648564114	0.0385583604088719	0.0389445616892291
0.29	0.285253176494205	0.285952225104836	0.0413617105916598	0.0417561244873028
0.3	0.29508949292504	0.29552020666134	0.044263423938756	0.044663510874394
0.31	0.304925809355874	0.305058636443444	0.0472635004501606	0.0476664301142866
0.32	0.314199752295442	0.314566560616118	0.0503602977887077	0.0507645819175592
0.33	0.32307322154038	0.324043028394868	0.0535466626578868	0.0539576564716131
0.34	0.331946690785318	0.333487092140815	0.0568217622195153	0.0572453344716538
0.35	0.340820160030256	0.342897807455452	0.0601855964735931	0.0606272871526211
0.36	0.349693629275194	0.35227423327509	0.0636381654201204	0.0641031763220652
0.37	0.358567098520132	0.361615431964962	0.067179469059097	0.0676726543939656
0.38	0.36744056776507	0.370920469412983	0.070809507390523	0.0713353644234899
0.39	0.376314037010008	0.380188415123162	0.0745282804143984	0.075090940142687
0.4	0.385187506254947	0.389418342308651	0.0783357881307232	0.078939005997115
0.41	0.394060975499885	0.398609327984423	0.0822320305394974	0.082879177183395
0.42	0.402934444744823	0.40776045305957	0.0862170076407209	0.0869110596876919
0.43	0.411807913989761	0.416870802429211	0.0902907194343938	0.0910342503251149
0.44	0.420681383234699	0.425939465066	0.0944531659205161	0.0952483367800366
0.45	0.429554852479637	0.43496553411123	0.0987043470990878	0.0995528976473232
0.46	0.438428321724575	0.44394810696552	0.103044262970109	0.103947502474475
0.47	0.447301790969513	0.452886285379069	0.107472913533579	0.108431711804671
0.48	0.456175260214452	0.461779175541483	0.111990298789499	0.113005077220716
0.49	0.46504872945939	0.470625888171158	0.116596418737868	0.117667141389879
0.5	0.473922198704328	0.479425538604203	0.121291273378687	0.122417438109627
0.51	0.482795667949266	0.488177246882908	0.126074862711955	0.127255492354249
0.52	0.491669137194204	0.496880137843737	0.130947186737672	0.13218082032235
0.53	0.500542606439142	0.505533341204847	0.135908245455839	0.137192929485239
0.54	0.50941607568408	0.514135991653113	0.140958038866455	0.142291318636176
0.55	0.518289544929018	0.522687228930659	0.146096566969521	0.147475477940494
0.56	0.527163014173956	0.531186197920884	0.151323829765035	0.152744888986584
0.57	0.536036483418895	0.53963204873397	0.156639827253	0.158099024837731
0.58	0.544909952663833	0.548023936791874	0.162044559433413	0.163537350084813
0.59	0.553783421908771	0.556361022912784	0.167538026306276	0.169059320899837
0.6	0.562656891153709	0.564642473395036	0.173120227871589	0.174664385090322
0.61	0.571530360398647	0.572867460100482	0.178791164129351	0.180351982154521
0.62	0.580403829643585	0.581035160537305	0.184550835079562	0.186121543337466
0.63	0.588969347175363	0.58914475794227	0.190398981816549	0.191972491687848
0.64	0.596011372239615	0.597195441362392	0.196323885413624	0.197904242115708
0.65	0.603053397303866	0.60518640573604	0.202319209261342	0.203916201450944
0.66	0.610095422368118	0.613116851973434	0.208384953359702	0.210007768502635
0.67	0.617137447432369	0.62098598703656	0.214521117708704	0.216178334119151
0.68	0.624179472496621	0.628793024018469	0.220727702308349	0.222427281249072
0.69	0.631221497560872	0.636537182221968	0.227004707158636	0.228753985002894
0.7	0.638263522625123	0.644217687237691	0.233352132259566	0.235157812715512
0.71	0.645305547689375	0.651833771021537	0.239769977611139	0.241638124009492
0.72	0.652347572753626	0.659384671971473	0.246258243213354	0.248194270859105
0.73	0.659389597817878	0.666869635003698	0.252816929066211	0.25482559765513
0.74	0.666431622882129	0.674287911628145	0.259446035169711	0.261531441270412
0.75	0.67347364794638	0.681638760023334	0.266145561523854	0.268311131126179
0.76	0.680515673010632	0.688921445110552	0.272915508128639	0.275163989259095
0.77	0.687557698074883	0.696135238627357	0.279755874984067	0.282089330389057
0.78	0.694599723139135	0.70327941920041	0.286666662090137	0.289086461987723
0.79	0.701641748203386	0.710353272417608	0.293647869446849	0.296154684347764
0.8	0.708683773267638	0.717356090899523	0.300699497054204	0.303293290652835
0.810000000000001	0.715725798331889	0.724287174370143	0.307821544912202	0.310501567048253
0.820000000000001	0.72276782339614	0.731145829726896	0.315014013020842	0.317778792712387
0.830000000000001	0.729809848460392	0.737931371109963	0.322276901380125	0.325124239928733
0.840000000000001	0.736851873524643	0.74464311997086	0.32961020999005	0.332537174158692
0.850000000000001	0.743893898588895	0.751280405140293	0.337013938850618	0.340016854115018
0.860000000000001	0.750935923653146	0.757842562895277	0.344488087961828	0.347562531835949
0.870000000000001	0.757977948717397	0.764328937025505	0.352032657323681	0.355173452759999
0.880000000000001	0.765019973781649	0.77073887889897	0.359647646936176	0.36284885580142
0.890000000000001	0.7720619988459	0.777071747526824	0.367333056799314	0.370587973426304
0.900000000000001	0.779104023910152	0.783326909627484	0.375088886913094	0.378390031729336
0.910000000000001	0.786146048974403	0.789503739689951	0.382915137277517	0.386254250511189
0.920000000000001	0.793188074038654	0.795601620036366	0.390811807892582	0.394179843356538
0.930000000000001	0.800230099102906	0.801619940883778	0.39877889875829	0.402166017712702
0.940000000000001	0.807272124167157	0.807558100405115	0.40681640987464	0.410211974968902
0.950000000000001	0.812417977146527	0.813415504789374	0.414917209545085	0.418316910536117
0.960000000000001	0.816939235552129	0.819191568300999	0.423063995608578	0.426480013927544
0.970000000000001	0.821460493957731	0.82488571333845	0.431255994256128	0.434700468839646
0.980000000000001	0.825981752363333	0.830497370491971	0.439493205487733	0.442977453233783
0.990000000000001	0.830503010768935	0.836025978600521	0.447775629303394	0.451310139418413
1	0.835024269174537	0.841470984807897	0.456103265703112	0.459697694131861
1.01	0.839545527580139	0.846831844618016	0.464476114686885	0.468139278625645
1.02	0.844066785985741	0.852108021949363	0.472894176254715	0.476634048748351
1.03	0.848588044391344	0.857298989188604	0.4813574504066	0.485181155030045
1.04	0.853109302796946	0.862404227243339	0.489865937142541	0.493779742767222
1.05	0.857630561202548	0.867423225594017	0.498419636462539	0.502428952108274
1.06	0.86215181960815	0.872355482344987	0.507018548366592	0.511127918139473
1.07	0.866673078013752	0.877200504274682	0.515662672854702	0.519875770971467
1.08	0.871194336419354	0.881957806884948	0.524352009926867	0.528671635826261
1.09	0.875715594824956	0.886626914449488	0.533086559583089	0.5375146331247
1.1	0.880236853230558	0.891207360061436	0.541866321823367	0.546403878574423
1.11	0.88475811163616	0.895698685680048	0.5506912966477	0.555338483258294
1.12	0.889279370041762	0.900100442176505	0.55956148405609	0.564317553723289
1.13	0.893800628447364	0.904412189378826	0.568476884048535	0.573340192069843
1.14	0.898321886852966	0.908633496115884	0.577437496625037	0.582405496041643
1.15	0.902843145258569	0.912763940260521	0.586443321785595	0.591512559115843
1.16	0.907364403664171	0.916803108771767	0.595494359530209	0.600660470593728
1.17	0.911885662069773	0.920750597736136	0.604590609858878	0.609848315691771
1.18	0.916406920475375	0.924606012408021	0.613732072771604	0.619075175633119
1.19	0.920928178880977	0.928368967249167	0.622918748268386	0.628340127739468
1.2	0.925449437286579	0.932039085967227	0.632150636349224	0.637642245523327
1.21	0.929970695692181	0.935616001553386	0.641427737014117	0.64698059878067
1.22	0.934491954097783	0.939099356319068	0.650750050263067	0.656354253683954
1.23	0.939013212503385	0.942488801931698	0.660117576096073	0.665762272875498
1.24	0.943534470908987	0.945783999449539	0.669530314513135	0.675203715561225
1.25	0.948055729314589	0.948984619355587	0.678988265514253	0.684677637604732
1.26	0.951580435042619	0.952090341590516	0.688489753426711	0.694183091621712
1.27	0.953138354515372	0.955100855584692	0.698013347374501	0.703719127074682
1.28	0.954696273988125	0.958015860289225	0.707552520517019	0.713284790368045
1.29	0.956254193460878	0.960835064206073	0.717107272854264	0.722879124943443
1.3	0.95781211293363	0.963558185417193	0.726677604386236	0.732501171375413
1.31	0.959370032406383	0.966184951612734	0.736263515112937	0.742149967467331
1.32	0.960927951879136	0.968715100118265	0.745865005034364	0.751824548347628
1.33	0.962485871351889	0.971148377921045	0.755482074150519	0.761523946566278
1.34	0.964043790824641	0.97348454169532	0.765114722461402	0.771247192191541
1.35	0.965601710297394	0.975723357826659	0.774762949967012	0.780993312906959
1.36	0.967159629770147	0.977864602435316	0.78442675666735	0.790761334108582
1.37	0.9687175492429	0.979908061398614	0.794106142562415	0.800550279002428
1.38	0.970275468715653	0.98185353037236	0.803801107652208	0.810359168702167
1.39	0.971833388188405	0.983700814811277	0.813511651936728	0.820187022327002
1.4	0.973391307661158	0.98544972998846	0.823237775415976	0.83003285709976
1.41	0.974949227133911	0.98710010101385	0.832979478089951	0.83989568844517
1.42	0.976507146606664	0.98865176285172	0.842736759958654	0.849774530088315
1.43	0.978065066079416	0.990104560337178	0.852509621022085	0.859668394153264
1.44	0.979622985552169	0.991458348191687	0.862298061280243	0.869576291261856
1.45	0.981180905024922	0.992712991037589	0.872102080733128	0.879497230632635
1.46	0.982738824497675	0.993868363411645	0.881921679380741	0.889430220179932
1.47	0.984296743970428	0.994924349777581	0.891756857223082	0.899374266613069
1.48	0.98585466344318	0.99588084453764	0.90160761426015	0.909328375535691
1.49	0.987412582915933	0.996737752043144	0.911473950491945	0.9192915515452
1.5	0.988970502388686	0.997494986604055	0.921355865918468	0.929262798332298
1.51	0.990528421861439	0.998152472497548	0.931253360539719	0.939241118780615
1.52	0.992086341334191	0.998710143975583	0.941166434355697	0.949225515066422
1.53	0.993644260806944	0.999167945271476	0.951095087366403	0.95921498875841
1.54	0.995202180279697	0.999525830605479	0.961039319571836	0.969208540917535
1.55	0.99676009975245	0.999783764189357	0.970999130971997	0.979205172196909
1.56	0.998318019225202	0.999941720229966	0.980974521566885	0.989203882941734
1.57	0.999875938697955	0.999999682931835	0.990965491356501	0.999203673289268
1.58	0.998566141829292	0.99995764649874	1.00095884357882	1.00920354326881
1.59	0.997008222356539	0.999815615134291	1.01093671539975	1.01920249290169
1.6	0.995450302883786	0.999573603041505	1.02089900802595	1.02919952230129
1.61	0.993892383411034	0.999231634421391	1.03084572145742	1.03919363177299
1.62	0.992334463938281	0.998789743470524	1.04077685569417	1.04918382191417
1.63	0.990776544465528	0.998247974377632	1.05069241073619	1.05916909371415
1.64	0.989218624992775	0.997606381319174	1.06059238658348	1.06914844865406
1.65	0.987660705520023	0.996865028453919	1.07047678323604	1.07912088880674
1.66	0.98610278604727	0.996023989916537	1.08034560069388	1.08908541693646
1.67	0.984544866574517	0.99508334981018	1.09019883895699	1.09904103659873
1.68	0.982986947101764	0.994043202198076	1.10003649802537	1.10898675223987
1.69	0.981429027629012	0.992903651094118	1.10985857789903	1.11892156929661
1.7	0.979871108156259	0.991664810452468	1.11966507857795	1.12884449429553
1.71	0.978313188683506	0.990326804156158	1.12945600006215	1.13875453495238
1.72	0.976755269210753	0.988889766004701	1.13923134235162	1.14865070027136
1.73	0.975197349738	0.987353839700716	1.14899110544637	1.1585320006442
1.74	0.973639430265248	0.985719178835553	1.15873528934638	1.16839744794908
1.75	0.972081510792495	0.983985946873937	1.16846389405167	1.17824605564949
1.76	0.970523591319742	0.982154317137618	1.17817691956223	1.18807683889288
1.77	0.968965671846989	0.980224472788045	1.18787436587807	1.19788881460911
1.78	0.967407752374237	0.978196606808044	1.19755623299917	1.20768100160879
1.79	0.965849832901484	0.976070921982524	1.20722252092555	1.21745242068137
1.8	0.964291913428731	0.973847630878195	1.2168732296572	1.22720209469309
1.81	0.962733993955978	0.971526955822315	1.22650835919412	1.23692904868468
1.82	0.961176074483225	0.969109128880456	1.23612790953632	1.24663230996884
1.83	0.959618155010473	0.966594391833297	1.24573188068379	1.25631090822752
1.84	0.95806023553772	0.963982996152448	1.25532027263653	1.26596387560898
1.85	0.956502316064967	0.9612752029753	1.26489308539454	1.27559024682451
1.86	0.954944396592214	0.958471283078914	1.27445031895783	1.28518905924502
1.87	0.953386477119462	0.955571516852944	1.28399197332639	1.29475935299726
1.88	0.951828557646709	0.952576194271595	1.29351804850022	1.30430017105983
1.89	0.948775809157598	0.94948561486463	1.30302477421571	1.31381055935888
1.9	0.944254550751996	0.946300087687414	1.31248992601526	1.3232895668635
1.91	0.939733292346394	0.94301993129001	1.32190986523075	1.33273624568085
1.92	0.935212033940792	0.939645473685324	1.33128459186219	1.3421496511509
1.93	0.930690775535189	0.936177052316306	1.34061410590957	1.35152884194096
1.94	0.926169517129587	0.9326150140222	1.34989840737289	1.36087288013977
1.95	0.921648258723985	0.928959715003869	1.35913749625216	1.37018083135129
1.96	0.917127000318383	0.925211520788168	1.36833137254737	1.37945176478816
1.97	0.912605741912781	0.921370806191395	1.37748003625853	1.38868475336475
1.98	0.908084483507179	0.917437955281809	1.38658348738563	1.39787887378992
1.99	0.903563225101577	0.913413361341225	1.39564172592867	1.40703320665927
2	0.899041966695975	0.909297426825681	1.40465475188766	1.41614683654714
2.01	0.894520708290373	0.9050905633252	1.41362256526259	1.42521885209815
2.02	0.889999449884771	0.900793191522627	1.42254516605347	1.4342483461183
2.03	0.885478191479169	0.89640574115156	1.43142255426029	1.44323441566571
2.04	0.880956933073567	0.891928650953379	1.44025472988305	1.45217616214091
2.05	0.876435674667965	0.887362368633375	1.44904169292176	1.46107269137671
2.06	0.871914416262363	0.882707350815974	1.45778344337641	1.4699231137276
2.07	0.867393157856761	0.877964062999078	1.466479981247	1.47872654415872
2.08	0.862871899451159	0.873132979507517	1.47513130653354	1.48748210233436
2.09	0.858350641045557	0.868214583445613	1.48373741923603	1.496188912706
2.1	0.853829382639955	0.863209366648874	1.49229831935445	1.50484610459986
2.11	0.849308124234353	0.858117829634809	1.50081400688883	1.51345281230396
2.12	0.844786865828751	0.852940481552877	1.50928448183914	1.52200817515471
2.13	0.840265607423149	0.847677840133571	1.5177097442054	1.53051133762294
2.14	0.835744349017547	0.842330431636647	1.5260897939876	1.53896144939951
2.15	0.831223090611945	0.836898790798499	1.53442463118575	1.54735766548027
2.16	0.826701832206343	0.831383460778684	1.54271425579984	1.55569914625061
2.17	0.822180573800741	0.825784993105609	1.55095866782988	1.56398505756941
2.18	0.817659315395139	0.820103947621376	1.55915786727586	1.57221457085243
2.19	0.813138056989537	0.814340892425798	1.56731185413778	1.58038686315522
2.2	0.808393674816962	0.808496403819592	1.57542052966748	1.58850111725534
2.21	0.80135164975271	0.802571066246749	1.58346925629033	1.59655652173416
2.22	0.794309624688459	0.796565472236089	1.59144756266254	1.60455227105793
2.23	0.787267599624207	0.790480222342007	1.5993554487841	1.61248756565838
2.24	0.780225574559956	0.784315925084422	1.60719291465502	1.62036161201268
2.25	0.773183549495704	0.778073196887924	1.6149599602753	1.62817362272274
2.26	0.766141524431453	0.771752662020128	1.62265658564494	1.635922816594
2.27	0.759099499367201	0.765354952529256	1.63028279076393	1.64360841871354
2.28	0.75205747430295	0.758880708180925	1.63783857563228	1.65122966052754
2.29	0.745015449238699	0.752330576394174	1.64532394024999	1.65878577991818
2.29999999999999	0.737973424174447	0.745705212176724	1.65273888461705	1.66627602127982
2.30999999999999	0.730931399110196	0.739005278059474	1.66008340873348	1.67369963559456
2.31999999999999	0.723889374045944	0.732231444030255	1.66735751259926	1.68105588050715
2.32999999999999	0.716847348981693	0.725384387466824	1.67456119621439	1.68834402039923
2.33999999999999	0.709805323917441	0.71846479306913	1.68169445957889	1.6955633264629
2.34999999999999	0.70276329885319	0.711473352790849	1.68875730269274	1.70271307677355
2.35999999999999	0.695721273788938	0.704410765770181	1.69574972555595	1.70979255636212
2.36999999999999	0.688679248724687	0.697277738259943	1.70267172816852	1.71680105728654
2.37999999999999	0.681637223660435	0.690074983556941	1.70952331053045	1.72373787870256
2.38999999999999	0.674595198596184	0.682803221930645	1.71630447264173	1.73060232693383
2.39999999999999	0.667553173531932	0.675463180551156	1.72301521450237	1.73739371554124
2.40999999999999	0.660511148467681	0.668055593416497	1.72965553611237	1.74411136539159
2.41999999999999	0.65346912340343	0.660581201279206	1.73622543747172	1.75075460472549
2.42999999999999	0.646427098339178	0.653040751572271	1.74272491858044	1.75732276922454
2.43999999999999	0.639385073274927	0.645434998334377	1.74915397943851	1.76381520207777
2.44999999999999	0.632343048210675	0.63776470213451	1.75551262004593	1.7702312540473
2.45999999999999	0.625301023146424	0.630030629995899	1.76180084040272	1.77657028353329
2.46999999999999	0.618258998082172	0.622233555319312	1.76801864050886	1.78283165663806
2.47999999999999	0.611216973017921	0.614374257805719	1.77416602036436	1.78901474722953
2.48999999999999	0.604174947953669	0.606453523378322	1.78024297996922	1.79511893700378
2.49999999999999	0.597132922889418	0.598472144103964	1.78624951932344	1.80114361554693
2.50999999999999	0.590090897825166	0.590430918113921	1.79218563842701	1.80708818039614
2.51999999999999	0.581817065908277	0.58233064952409	1.79804719478917	1.81295203709988
2.52999999999999	0.572943596663339	0.574172148354581	1.80382099810203	1.81873459927738
2.53999999999999	0.564070127418401	0.565956230448711	1.80950606672244	1.82443528867722
2.54999999999999	0.555196658173463	0.557683717391426	1.8151024006504	1.83005353523522
2.55999999999999	0.546323188928525	0.549355436427136	1.82060999988591	1.8355887771314
2.56999999999999	0.537449719683587	0.540972220376998	1.82602886442897	1.8410404608462
2.57999999999999	0.528576250438649	0.53253490755563	1.83135899427958	1.84640804121577
2.58999999999999	0.519702781193711	0.524044341687286	1.83660038943774	1.85169098148656
2.59999999999999	0.510829311948774	0.515501371821474	1.84175304990345	1.85688875336894
2.60999999999999	0.501955842703836	0.506906852248063	1.84681697567672	1.86200083709006
2.61999999999999	0.493082373458898	0.498261642411849	1.85179216675753	1.8670267214458
2.62999999999999	0.48420890421396	0.48956660682661	1.85667862314589	1.87196590385191
2.63999999999999	0.475335434969022	0.480822614988659	1.86147634484181	1.87681789039428
2.64999999999999	0.466461965724084	0.472030541289894	1.86618533184527	1.88158219587828
2.65999999999999	0.457588496479146	0.463191264930357	1.87080558415629	1.88625834387735
2.66999999999999	0.448715027234208	0.454305669830318	1.87533710177486	1.89084586678057
2.67999999999999	0.43984155798927	0.445374644541883	1.87977988470097	1.89534430583949
2.68999999999999	0.430968088744333	0.436399082160138	1.88413393293464	1.89975321121394
2.69999999999999	0.422094619499395	0.427379880233842	1.88839924647586	1.90407214201706
2.70999999999999	0.413221150254457	0.418317940675671	1.89257582532463	1.90830066635936
2.71999999999999	0.404347681009519	0.40921416967203	1.89666366948095	1.91243836139195
2.72999999999999	0.395474211764581	0.400069477592433	1.90066277894482	1.91648481334876
2.73999999999999	0.386600742519643	0.390884778898466	1.90457315371624	1.92043961758798
2.74999999999999	0.377727273274705	0.381660992052345	1.90839479379521	1.92430237863246
2.75999999999999	0.368853804029767	0.372399039425069	1.91212769918173	1.92807271020933
2.76999999999998	0.359980334784829	0.363099847204182	1.91577186987581	1.93175023528857
2.77999999999998	0.351106865539891	0.353764345301157	1.91932730587743	1.93533458612073
2.78999999999998	0.342233396294954	0.344393467258405	1.9227940071866	1.93882540427373
2.79999999999998	0.333359927050016	0.33498815015592	1.92617197380333	1.94222234066865
2.80999999999998	0.324486457805078	0.325549334517575	1.9294612057276	1.94552505561469
2.81999999999998	0.31561298856014	0.316077964217069	1.93266170295943	1.9487332188431
2.82999999999998	0.306492393823278	0.306574986383539	1.93577314836121	1.95184650954024
2.83999999999998	0.296656077392444	0.297041351306848	1.93878889071729	1.95486461637962
2.84999999999998	0.286819760961609	0.287478012342561	1.94170626990906	1.95778723755309
2.85999999999998	0.276983444530775	0.277885925816603	1.94452528593652	1.96061408080095
2.86999999999998	0.26714712809994	0.268266050929635	1.94724593879967	1.96334486344124
2.87999999999998	0.257310811669106	0.258619349661128	1.94986822849852	1.96597931239797
2.88999999999998	0.247474495238272	0.24894678667317	1.95239215503306	1.96851716422844
2.89999999999998	0.237638178807437	0.239249329214	1.95481771840328	1.97095816514959
2.90999999999998	0.227801862376603	0.229527947021282	1.9571449186092	1.97330207106334
2.91999999999998	0.217965545945768	0.219783612225135	1.95937375565082	1.97554864758108
2.92999999999998	0.208129229514934	0.210017299250917	1.96150422952812	1.97769767004701
2.93999999999998	0.198292913084099	0.200229984721789	1.96353634024111	1.97974892356068
2.94999999999998	0.188456596653265	0.190422647361046	1.9654700877898	1.98170220299845
2.95999999999998	0.178620280222431	0.180596267894252	1.96730547217418	1.983557313034
2.96999999999998	0.168783963791596	0.170751828951165	1.96904249339425	1.98531406815788
2.97999999999998	0.158947647360762	0.160890314967475	1.97068115145001	1.98697229269603
2.98999999999998	0.149111330929927	0.151012712086364	1.97222144634146	1.98853182082739
2.99999999999998	0.139275014499093	0.141120008059887	1.97366337806861	1.98999249660044
3.00999999999998	0.129438698068258	0.131213192150204	1.97500694663145	1.99135417394882
3.01999999999998	0.119602381637424	0.12129325503065	1.97625215202998	1.99261671670593
3.02999999999998	0.109766065206589	0.11136118868667	1.9773989942642	1.99377999861855
3.03999999999998	0.099929748775755	0.101417986316623	1.97844747333411	1.99484390335946
3.04999999999998	0.0900934323449206	0.091464642232458	1.97939758923971	1.99580832453906
3.05999999999998	0.0802571159140861	0.0815021517602904	1.98024934198101	1.99667316571604
3.06999999999998	0.0704207994832517	0.071531511140865	1.98100273155799	1.99743834040702
3.07999999999998	0.0605844830524173	0.0615537174299349	1.98165775797067	1.99810377209514
3.08999999999998	0.0507481666215828	0.0515697683985564	1.98221442121904	1.99866939423781
3.09999999999998	0.0409118501907484	0.0415806624333127	1.9826727213031	1.99913515027328
3.10999999999998	0.031075533759914	0.0315873984364761	1.98303265822286	1.99950099362633
3.11999999999998	0.0212392173290795	0.0215909757261186	1.9832942319783	1.99976688771293
3.12999999999998	0.0114029008982451	0.0115923939361809	1.98345744256944	1.99993280594389
3.13999999999998	0.00156658446741065	0.00159265291650992	1.98352228999626	1.99999873172754
3.14999999999998	-0.00826973196342378	-0.00840724736712553	1.98348877425878	1.99996465847134
3.15999999999998	-0.0181060483942582	-0.0184063069330303	1.983356895357	1.9998305895826
3.16999999999998	-0.0279423648250926	-0.0284035258835803	1.9831266532909	1.99959653846809
3.17999999999998	-0.037778681255927	-0.0383979045052114	1.98279804806049	1.99926252853272
3.18999999999998	-0.0476149976867614	-0.0483884433683902	1.98237107966578	1.99882859317722
3.19999999999998	-0.0574513141175958	-0.0583741434275557	1.98184574810676	1.99829477579475
3.20999999999998	-0.0672876305484303	-0.0683540061210234	1.98122205338343	1.99766112976662
3.21999999999998	-0.0771239469792647	-0.0783270334708405	1.98049999549579	1.99692771845689
3.22999999999998	-0.0869602634100991	-0.0882922281825828	1.97967957444384	1.99609461520608
3.23999999999997	-0.0967965798409335	-0.0982485937450835	1.97876079022759	1.99516190332383
3.24999999999997	-0.106632896271768	-0.108195134530083	1.97774364284703	1.99412967608055
3.25999999999997	-0.116469212702602	-0.118130855891792	1.97662813230215	1.9929980366981
3.26999999999997	-0.126305529133437	-0.128054764266354	1.97541425859297	1.99176709833947
3.27999999999997	-0.136141845564271	-0.137965867271201	1.97410202171948	1.99043698409748
3.28999999999997	-0.145978161995106	-0.147863173804293	1.97269142168169	1.98900782698244
3.29999999999997	-0.15581447842594	-0.157745694143222	1.97118245847958	1.98747976990887
3.30999999999997	-0.165650794856774	-0.167612440044192	1.96957513211317	1.98585296568121
3.31999999999997	-0.175487111287609	-0.177462424840834	1.96786944258245	1.98412757697852
3.32999999999997	-0.185323427718443	-0.187294663542877	1.96606538988742	1.98230377633824
3.33999999999997	-0.195159744149278	-0.197108172934643	1.96416297402808	1.9803817461389
3.34999999999997	-0.204996060580112	-0.206901971673373	1.96216219500443	1.97836167858194
3.35999999999997	-0.214832377010946	-0.216675080387353	1.96006305281648	1.97624377567242
3.36999999999997	-0.224668693441781	-0.226426521773856	1.95786554746421	1.97402824919886
3.37999999999997	-0.234505009872615	-0.23615532069687	1.95556967894764	1.97171532071207
3.38999999999997	-0.24434132630345	-0.245860504284609	1.95317544726676	1.96930522150297
3.39999999999997	-0.254177642734284	-0.255541102026804	1.95068285242157	1.96679819257947
3.40999999999997	-0.264013959165119	-0.265196145871746	1.94809189441207	1.96419448464237
3.41999999999997	-0.273850275595953	-0.274824670323096	1.94540257323827	1.96149435806031
3.42999999999997	-0.283686592026787	-0.284425712536434	1.94261488890016	1.95869808284368
3.43999999999997	-0.293522908457622	-0.29399831241554	1.93972884139773	1.95580593861767
3.44999999999997	-0.303359224888456	-0.303541512708401	1.936744430731	1.95281821459431
3.45999999999997	-0.31278651603073	-0.313054359102942	1.93366252568625	1.94973520954351
3.46999999999997	-0.321659985275668	-0.32253590032245	1.93049029317972	1.94655723176319
3.47999999999997	-0.330533454520606	-0.331985188220706	1.92722932598074	1.94328459904849
3.48999999999997	-0.339406923765544	-0.341401277876792	1.92387962408931	1.93991763865995
3.49999999999997	-0.348280393010481	-0.350783227689591	1.92044118750543	1.93645668729081
3.50999999999997	-0.357153862255419	-0.36013009947194	1.9169140162291	1.93290209103331
3.51999999999997	-0.366027331500357	-0.369440958544448	1.91329811026032	1.92925420534413
3.52999999999997	-0.374900800745295	-0.378714873828969	1.90959346959909	1.9255133950088
3.53999999999997	-0.383774269990233	-0.387950917941701	1.90580009424542	1.92168003410522
3.54999999999997	-0.392647739235171	-0.397148167285931	1.90191798419929	1.91775450596629
3.55999999999997	-0.401521208480109	-0.406305702144388	1.89794713946071	1.91373720314156
3.56999999999997	-0.410394677725047	-0.415422606771217	1.89388756002969	1.90962852735796
3.57999999999997	-0.419268146969985	-0.424497969483553	1.88973924590621	1.90542888947964
3.58999999999997	-0.428141616214923	-0.433530882752688	1.88550219709029	1.9011387094669
3.59999999999997	-0.437015085459861	-0.442520443294823	1.88117641358191	1.89675841633416
3.60999999999997	-0.445888554704799	-0.451465752161394	1.87676189538109	1.89228844810708
3.61999999999997	-0.454762023949737	-0.460365914828969	1.87225864248782	1.88772925177877
3.62999999999997	-0.463635493194675	-0.469220041288698	1.8676666549021	1.88308128326504
3.63999999999997	-0.472508962439612	-0.478027246135313	1.86298593262392	1.87834500735889
3.64999999999997	-0.48138243168455	-0.48678664865567	1.8582164756533	1.87352089768395
3.65999999999997	-0.490255900929488	-0.495497372916815	1.85335828399023	1.86860943664718
3.66999999999997	-0.499129370174426	-0.504158547853582	1.84841135763471	1.86361111539058
3.67999999999997	-0.508002839419364	-0.512769307355694	1.84337569658675	1.85852643374212
3.68999999999997	-0.516876308664302	-0.521328790354377	1.83825130084633	1.85335590016572
3.69999999999997	-0.52574977790924	-0.529836140908464	1.83303817041346	1.84810003171043
3.70999999999996	-0.534623247154178	-0.538290508289988	1.82773630528814	1.84275935395871
3.71999999999996	-0.543496716399116	-0.546691047069257	1.82234570547038	1.8373344009739
3.72999999999996	-0.552370185644054	-0.555036917199394	1.81686637096016	1.83182571524677
3.73999999999996	-0.561243654888992	-0.56332728410034	1.8112983017575	1.82623384764129
3.74999999999996	-0.57011712413393	-0.571561318742314	1.80564149786238	1.82055935733958
3.75999999999996	-0.578990593378868	-0.579738197728713	1.79989595927482	1.81480281178593
3.76999999999996	-0.58784779652554	-0.587857103378453	1.79406168671715	1.80896478663011
3.77999999999996	-0.594889821589791	-0.595917223807735	1.78814799862657	1.80304586566975
3.78999999999996	-0.601931846654042	-0.603917753011231	1.78216389028535	1.79704664079203
3.79999999999996	-0.608973871718293	-0.61185789094269	1.77610936169349	1.79096771191444
3.80999999999996	-0.616015896782545	-0.619736843594934	1.76998441285099	1.78480968692479
3.81999999999996	-0.623057921846796	-0.627553823079264	1.76378904375784	1.77857318162046
3.82999999999996	-0.630099946911047	-0.635308047704247	1.75752325441405	1.77225881964677
3.83999999999996	-0.637141971975298	-0.64299874205388	1.75118704481962	1.76586723243466
3.84999999999996	-0.64418399703955	-0.650625137065138	1.74478041497454	1.75939905913753
3.85999999999996	-0.651226022103801	-0.658186470104876	1.73830336487883	1.75285494656732
3.86999999999996	-0.658268047168052	-0.66568198504609	1.73175589453247	1.74623554912983
3.87999999999996	-0.665310072232303	-0.673110932343533	1.72513800393547	1.73954152875928
3.88999999999996	-0.672352097296555	-0.680472569108665	1.71844969308782	1.73277355485215
3.89999999999996	-0.679394122360806	-0.687766159183945	1.71169096198954	1.72593230420017
3.90999999999996	-0.686436147425057	-0.694990973216444	1.70486181064061	1.71901846092271
3.91999999999996	-0.693478172489308	-0.702146288730777	1.69796223904103	1.71203271639834
3.92999999999996	-0.700520197553559	-0.709231390201358	1.69099224719082	1.70497576919569
3.93999999999996	-0.707562222617811	-0.716245569123943	1.68395183508996	1.69784832500359
3.94999999999996	-0.714604247682062	-0.723188124086484	1.67684100273846	1.69065109656054
3.95999999999996	-0.721646272746313	-0.730058360839272	1.66965975013632	1.68338480358337
3.96999999999996	-0.728688297810564	-0.736855592364356	1.66240807728354	1.67605017269532
3.97999999999996	-0.735730322874816	-0.743579138944247	1.65508598418011	1.66864793735338
3.98999999999996	-0.742772347939067	-0.750228328229892	1.64769347082604	1.66117883777491
3.99999999999996	-0.749814373003318	-0.756802495307901	1.64023053722133	1.65364362086364
4.00999999999996	-0.75685639806757	-0.763300982767047	1.63269718336598	1.64604304013499
4.01999999999996	-0.763898423131821	-0.769723140763998	1.62509340925998	1.63837785564069
4.02999999999996	-0.770940448196072	-0.776068327088306	1.61741921490334	1.63064883389281
4.03999999999996	-0.777982473260323	-0.782335907226627	1.60967460029606	1.62285674778707
4.04999999999996	-0.785024498324575	-0.788525254426169	1.60185956543813	1.61500237652561
4.05999999999996	-0.792066523388826	-0.794635749757372	1.59397411032957	1.60708650553899
4.06999999999996	-0.799108548453077	-0.800666782175792	1.58601823497036	1.59910992640772
4.07999999999996	-0.806150573517328	-0.806617748583215	1.57799193936051	1.59107343678307
4.08999999999996	-0.811697897303501	-0.812488053887959	1.56989965495324	1.58297784030729
4.09999999999996	-0.816219155709103	-0.818277111064386	1.56176006968818	1.5748239465333
4.10999999999996	-0.820740414114705	-0.823984341211601	1.55357527183906	1.56661257084368
4.11999999999996	-0.825261672520307	-0.829609173611347	1.54534526140589	1.55834453436915
4.12999999999996	-0.829782930925909	-0.83515104578507	1.53707003838865	1.55002066390646
4.13999999999996	-0.834304189331511	-0.840609403550171	1.52874960278737	1.54164179183574
4.14999999999996	-0.838825447737113	-0.845983701075423	1.52038395460203	1.53320875603719
4.15999999999996	-0.843346706142715	-0.851273400935551	1.51197309383263	1.52472239980738
4.16999999999996	-0.847867964548317	-0.856477974164978	1.50351702047917	1.51618357177486
4.17999999999996	-0.852389222953919	-0.861596900310718	1.49501573454166	1.50759312581532
4.18999999999996	-0.856910481359521	-0.866629667484422	1.48646923602009	1.49895192096618
4.19999999999995	-0.861431739765123	-0.871575772413566	1.47787752491447	1.49026082134074
4.20999999999995	-0.865952998170725	-0.87643472049178	1.46924060122479	1.48152069604171
4.21999999999995	-0.870474256576327	-0.881206025828304	1.46055846495106	1.47273241907435
4.22999999999995	-0.874995514981929	-0.885889211296581	1.45183111609326	1.46389686925902
4.23999999999995	-0.879516773387531	-0.890483808581968	1.44305855465142	1.45501493014335
4.24999999999995	-0.884038031793133	-0.894989358228563	1.43424078062551	1.44608748991383
4.25999999999995	-0.888559290198735	-0.899405409685157	1.42537779401556	1.43711544130707
4.26999999999995	-0.893080548604337	-0.903731521350286	1.41646959482154	1.42809968152044
4.27999999999995	-0.897601807009939	-0.907967260616386	1.40751618304347	1.4190411121224
4.28999999999995	-0.902123065415541	-0.912112203913061	1.39851755868134	1.40994063896235
4.29999999999995	-0.906644323821143	-0.916165936749436	1.38947372173516	1.40079917208002
4.30999999999995	-0.911165582226745	-0.920128053755605	1.38038467220492	1.39161762561448
4.31999999999995	-0.915686840632347	-0.92399815872317	1.37125041009062	1.38239691771272
4.32999999999995	-0.920208099037949	-0.927775864644858	1.36207093539227	1.37313797043786
4.33999999999995	-0.924729357443551	-0.931460793753225	1.35284624810987	1.3638417096769
4.34999999999995	-0.929250615849153	-0.935052577558432	1.3435763482434	1.35450906504818
4.35999999999995	-0.933771874254755	-0.938550856885091	1.33426123579288	1.34514096980837
4.36999999999995	-0.938293132660357	-0.941955281908185	1.32490091075831	1.3357383607592
4.37999999999995	-0.942814391065959	-0.945265512188047	1.31549537313968	1.32630217815373
4.38999999999995	-0.947335649471561	-0.94848121670441	1.30604462293699	1.31683336560236
4.39999999999995	-0.951332312438523	-0.951602073889501	1.29654912449196	1.30733286997847
4.40999999999995	-0.952890231911276	-0.954627771660202	1.28702801177021	1.29780164132368
4.41999999999995	-0.954448151384029	-0.957558007449257	1.27749131985373	1.28824063275293
4.42999999999995	-0.956006070856781	-0.960392488235529	1.26793904874253	1.2786508003591
4.43999999999995	-0.957563990329534	-0.963130930573303	1.2583711984366	1.26903310311745
4.44999999999995	-0.959121909802287	-0.965773060620626	1.24878776893594	1.25938850278968
4.45999999999995	-0.960679829275039	-0.968318614166695	1.23918876024055	1.24971796382778
4.46999999999995	-0.962237748747792	-0.970767336658276	1.22957417235044	1.2400224532776
4.47999999999995	-0.963795668220545	-0.973118983225162	1.2199440052656	1.23030294068211
4.48999999999995	-0.965353587693298	-0.975373318704655	1.21029825898603	1.22056039798447
4.49999999999995	-0.96691150716605	-0.977530117665086	1.20063693351173	1.21079579943083
4.50999999999995	-0.968469426638803	-0.979589164428357	1.19096002884271	1.20101012147291
4.51999999999995	-0.970027346111556	-0.981550253091506	1.18126754497895	1.19120434267035
4.52999999999995	-0.971585265584309	-0.983413187547301	1.17155948192048	1.18137944359286
4.53999999999995	-0.973143185057061	-0.98517778150385	1.16183583966727	1.17153640672216
4.54999999999995	-0.974701104529814	-0.986843858503228	1.15209661821933	1.16167621635374
4.55999999999995	-0.976259024002567	-0.988411251939122	1.14234181757667	1.15179985849841
4.56999999999995	-0.97781694347532	-0.989879805073496	1.13257143773928	1.14190832078373
4.57999999999995	-0.979374862948072	-0.99124937105226	1.12278547870717	1.13200259235522
4.58999999999995	-0.980932782420825	-0.992519812919957	1.11298394048032	1.12208366377749
4.59999999999995	-0.982490701893578	-0.993691003633458	1.10316682305875	1.11215252693511
4.60999999999995	-0.984048621366331	-0.99476282607467	1.09333412644245	1.1022101749335
4.61999999999995	-0.985606540839083	-0.99573517306224	1.08348585063142	1.09225760199957
4.62999999999995	-0.987164460311836	-0.996607947362281	1.07362199562567	1.08229580338232
4.63999999999995	-0.988722379784589	-0.997381061698089	1.06374256142519	1.07232577525331
4.64999999999995	-0.990280299257342	-0.998054438758876	1.05384754802998	1.06234851460705
4.65999999999995	-0.991838218730094	-0.998628011207496	1.04393695544004	1.05236501916128
4.66999999999994	-0.993396138202847	-0.999101721687182	1.03401078365538	1.04237628725724
4.67999999999994	-0.9949540576756	-0.999475522827282	1.02406903267599	1.03238331775978
4.68999999999994	-0.996511977148353	-0.999749377247993	1.01411170250187	1.02238710995753
4.69999999999994	-0.998069896621105	-0.9999232575641	1.00413879313302	1.01238866346295
4.70999999999994	-0.999627816093858	-0.999997146387718	0.994150304569444	1.00238897811234
4.71999999999994	-0.998814264433389	-0.999971036330025	0.984155261467798	0.992389053865908
4.72999999999994	-0.997256344960637	-0.999844930002005	0.974174908420828	0.98238989070775
4.73999999999994	-0.995698425487884	-0.999618840014187	0.964210134568586	0.972392488545845
4.74999999999994	-0.994140506015131	-0.99929278897538	0.954260939911071	0.96239784711208
4.75999999999994	-0.992582586542378	-0.998866809490417	0.944327324448283	0.952406965862269
4.76999999999994	-0.991024667069626	-0.998340944156891	0.934409288180224	0.942420843876211
4.77999999999994	-0.989466747596873	-0.997715245560897	0.924506831106891	0.932440479757782
4.78999999999994	-0.98790882812412	-0.996989776271774	0.914619953228286	0.922466871535079
4.79999999999994	-0.986350908651367	-0.996164608835846	0.904748654544409	0.912501016560611
4.80999999999994	-0.984792989178615	-0.995239825769168	0.89489293505526	0.902543911411572
4.81999999999994	-0.983235069705862	-0.994215519549278	0.885052794760837	0.892596551790178
4.82999999999994	-0.981677150233109	-0.993091792605942	0.875228233661143	0.882659932424103
4.83999999999994	-0.980119230760356	-0.99186875731092	0.865419251756176	0.872735046967002
4.84999999999994	-0.978561311287604	-0.990546535966721	0.855625849045936	0.862822887899151
4.85999999999994	-0.977003391814851	-0.989125260794379	0.845848025530424	0.852924446428196
4.86999999999994	-0.975445472342098	-0.987605073920225	0.83608578120964	0.843040712390035
4.87999999999994	-0.973887552869345	-0.98598612736168	0.826339116083582	0.833172674149837
4.88999999999994	-0.972329633396593	-0.984268583012052	0.816608030152253	0.823321318503201
4.89999999999994	-0.97077171392384	-0.982452612624344	0.806892523415651	0.813487630577484
4.90999999999994	-0.969213794451087	-0.980538397794081	0.797192595873777	0.803672593733282
4.91999999999994	-0.967655874978335	-0.978526129941151	0.78750824752663	0.793877189466101
4.92999999999994	-0.966097955505582	-0.976416010290663	0.77783947837421	0.784102397308205
4.93999999999994	-0.964540036032829	-0.974208249852823	0.768186288416518	0.774349194730664
4.94999999999994	-0.962982116560076	-0.971903069401835	0.758548677653554	0.764618557045608
4.95999999999994	-0.961424197087324	-0.969500699453824	0.748926646085317	0.754911457308698
4.96999999999994	-0.959866277614571	-0.967001380243782	0.739320193711808	0.745228866221816
4.97999999999994	-0.958308358141818	-0.964405361701547	0.729729320533026	0.735571752036004
4.98999999999994	-0.956750438669065	-0.96171290342681	0.720154026548972	0.725941080454632
4.99999999999994	-0.955192519196313	-0.958924274663156	0.710594311759645	0.716337814536833
5.00999999999994	-0.95363459972356	-0.956039754271136	0.701050176165046	0.706762914601196
5.01999999999994	-0.952076680250807	-0.953059630700387	0.691521619765175	0.697217338129736
5.02999999999994	-0.949495889000632	-0.94998420196078	0.682010407911036	0.687702039672144
5.03999999999994	-0.94497463059503	-0.946813775592629	0.672538055313058	0.678217970750338
5.04999999999994	-0.940453372189428	-0.943548668635927	0.663110915299136	0.668766079763306
5.05999999999994	-0.935932113783826	-0.94018920759865	0.65372898786927	0.65934731189227
5.06999999999994	-0.931410855378224	-0.936735728424101	0.64439227302346	0.649962609006169
5.07999999999994	-0.926889596972622	-0.933188576457321	0.635100770761706	0.64061290956747
5.08999999999994	-0.92236833856702	-0.929548106410549	0.625854481084008	0.631299148538326
5.09999999999994	-0.917847080161418	-0.925814682327757	0.616653403990366	0.622022257287079
5.10999999999994	-0.913325821755816	-0.921988677548241	0.60749753948078	0.612783163495123
5.11999999999994	-0.908804563350214	-0.918070474669293	0.59838688755525	0.603582791064137
5.12999999999994	-0.904283304944612	-0.914060465507933	0.589321448213776	0.594422060023699
5.13999999999993	-0.89976204653901	-0.909959051061738	0.580301221456358	0.585301886439277
5.14999999999993	-0.895240788133408	-0.905766641468732	0.571326207282996	0.576223182320631
5.15999999999993	-0.890719529727806	-0.901483655966383	0.56239640569369	0.567186855530607
5.16999999999993	-0.886198271322204	-0.897110522849671	0.55351181668844	0.558193809694354
5.17999999999993	-0.881677012916602	-0.892647679428264	0.544672440267246	0.54924494410896
5.18999999999993	-0.877155754511	-0.888095571982785	0.535878276430109	0.540341153653527
5.19999999999993	-0.872634496105398	-0.883454655720184	0.527129325177027	0.531483328699682
5.20999999999993	-0.868113237699796	-0.878725394728222	0.518425586508001	0.522672355022537
5.21999999999993	-0.863591979294194	-0.873908261929055	0.509767060423031	0.513909113712118
5.22999999999993	-0.859070720888592	-0.86900373903195	0.501153746922118	0.505194481085254
5.23999999999993	-0.85454946248299	-0.864012316485108	0.49258564600526	0.496529328597944
5.24999999999993	-0.850028204077388	-0.858934493426627	0.484062757672458	0.487914522758217
5.25999999999993	-0.845506945671787	-0.853770777634579	0.475585081923712	0.479350925039478
5.26999999999993	-0.840985687266185	-0.84852168547624	0.467152618759023	0.470839391794362
5.27999999999993	-0.836464428860583	-0.843187741856454	0.458765368178389	0.462380774169101
5.28999999999993	-0.831943170454981	-0.837769480165135	0.450423330181811	0.453975918018409
5.29999999999993	-0.827421912049379	-0.832267442223939	0.44212650476929	0.445625663820896
5.30999999999993	-0.822900653643777	-0.826682178232075	0.433874891940824	0.437330846595024
5.31999999999993	-0.818379395238175	-0.821014246711287	0.425668491696415	0.429092295815603
5.32999999999993	-0.813858136832573	-0.815264214450004	0.417507304036061	0.420910835330846
5.33999999999993	-0.809336878426971	-0.80943265644666	0.409391328959764	0.412787283279983
5.34999999999993	-0.802473200402555	-0.803520155852197	0.401331449921672	0.40472245201145
5.35999999999993	-0.795431175338304	-0.797527303911747	0.393341928042968	0.396717148001652
5.36999999999993	-0.788389150274053	-0.791454699905509	0.385422826414907	0.38877217177432
5.37999999999993	-0.781347125209802	-0.785302951088824	0.377574145037487	0.380888317820456
5.38999999999993	-0.77430510014555	-0.779072672631447	0.369795883910711	0.373066374518886
5.39999999999993	-0.767263075081299	-0.772764487556032	0.362088043034577	0.36530712405742
5.40999999999993	-0.760221050017048	-0.76637902667583	0.354450622409085	0.35761134235464
5.41999999999993	-0.753179024952797	-0.759916928531607	0.346883622034236	0.349979798982302
5.42999999999993	-0.746136999888545	-0.753378839327793	0.33938704191003	0.342413257088385
5.43999999999993	-0.739094974824294	-0.74676541286786	0.331960882036466	0.334912473320771
5.44999999999993	-0.732052949760043	-0.740077310488943	0.324605142413544	0.327478197751587
5.45999999999993	-0.725010924695792	-0.733315200995705	0.317319823041265	0.320111173802196
5.46999999999993	-0.71796889963154	-0.726479760593463	0.310104923919629	0.312812138168852
5.47999999999993	-0.710926874567289	-0.719571672820558	0.302960445048635	0.305581820749036
5.48999999999993	-0.703884849503038	-0.712591628480013	0.295886386428283	0.298420944568466
5.49999999999993	-0.696842824438786	-0.705540325570444	0.288882748058574	0.291330225708791
5.50999999999993	-0.689800799374535	-0.698418469216266	0.281949529939508	0.28431037323599
5.51999999999993	-0.682758774310284	-0.69122677159718	0.275086732071084	0.277362089129459
5.52999999999993	-0.675716749246033	-0.683965951876954	0.268294354453302	0.270486068211818
5.53999999999993	-0.668674724181781	-0.676636736131511	0.261572397086163	0.263682998079431
5.54999999999993	-0.66163269911753	-0.669239857276317	0.254920859969667	0.256953559033639
5.55999999999993	-0.654590674053279	-0.661776054993093	0.248339743103813	0.250298424012742
5.56999999999993	-0.647548648989028	-0.654246075655848	0.241829046488602	0.243718258524693
5.57999999999993	-0.640506623924776	-0.64665067225624	0.235388770124033	0.23721372058056
5.58999999999993	-0.633464598860525	-0.638990604328281	0.229018914010106	0.230785460628715
5.59999999999993	-0.626422573796274	-0.631266637872379	0.222719478146823	0.224434121489798
5.60999999999992	-0.619380548732023	-0.623479545278744	0.216490462534181	0.218160338292428
5.61999999999992	-0.612338523667771	-0.615630105250146	0.210331867172182	0.211964738409699
5.62999999999992	-0.60529649860352	-0.607719102724046	0.204243692060826	0.205847941396435
5.63999999999992	-0.598254473539269	-0.599747328794104	0.198225937200112	0.19981055892724
5.64999999999992	-0.591212448475017	-0.591715580631071	0.192278602590041	0.193853194735329
5.65999999999992	-0.583230302173029	-0.583624661403069	0.186404101156845	0.187976444552159
5.66999999999992	-0.574356832928091	-0.57547538019528	0.18061616548134	0.182180896047849
5.67999999999992	-0.565483363683153	-0.567268551929032	0.174916964498284	0.176467128772421
5.68999999999992	-0.556609894438215	-0.559004997280313	0.169306498207677	0.170835714097841
5.69999999999992	-0.547736425193277	-0.550685542597702	0.16378476660952	0.165287215160883
5.70999999999992	-0.53886295594834	-0.542311019819735	0.158351769703812	0.159822186806817
5.71999999999992	-0.529989486703402	-0.53388226639171	0.153007507490553	0.154441175533924
5.72999999999992	-0.521116017458464	-0.525400125181946	0.147751979969744	0.149144719438849
5.73999999999992	-0.512242548213526	-0.516865444397496	0.142585187141384	0.143933348162785
5.74999999999992	-0.503369078968588	-0.508279077499326	0.137507129005474	0.138807582838519
5.75999999999992	-0.49449560972365	-0.49964188311697	0.132517805562012	0.133767936038311
5.76999999999992	-0.485622140478712	-0.49095472496267	0.127617216811001	0.128814911722641
5.77999999999992	-0.476748671233774	-0.482218471745001	0.122805362752438	0.123949005189814
5.78999999999992	-0.467875201988836	-0.473433997082005	0.118082243386326	0.119170703026428
5.79999999999992	-0.459001732743898	-0.464602179413827	0.113447858712662	0.114480483058718
5.80999999999992	-0.45012826349896	-0.455723901914876	0.108902208731448	0.109878814304771
5.81999999999992	-0.441254794254022	-0.446800052405502	0.104445293442683	0.105366156927628
5.82999999999992	-0.432381325009085	-0.437831523263219	0.100077112846367	0.100942962189267
5.83999999999992	-0.423507855764147	-0.428819211333468	0.0957976669425014	0.0966096724054755
5.84999999999992	-0.414634386519209	-0.419764017839932	0.0916069557310847	0.0923667209016203
5.85999999999992	-0.405760917274271	-0.410666848294415	0.0875049792121174	0.0882145319693166
5.86999999999992	-0.396887448029333	-0.401528612406289	0.0834917373855995	0.0841535208239973
5.87999999999992	-0.388013978784395	-0.392350223991528	0.0795672302515309	0.0801840935633926
5.88999999999992	-0.379140509539457	-0.383132600881326	0.0757314578099117	0.0763066471269209
5.89999999999992	-0.370267040294519	-0.373876664830312	0.0719844200607419	0.0725215692559946
5.90999999999992	-0.361393571049581	-0.364583341424377	0.0683261170040215	0.0688292384552467
5.91999999999992	-0.352520101804643	-0.355253559988119	0.0647565486397505	0.0652300239546801
5.92999999999992	-0.343646632559706	-0.345888253491906	0.0612757149679288	0.0617242856727457
5.93999999999992	-0.334773163314768	-0.336488358458582	0.0578836159885565	0.0583123741803502
5.94999999999992	-0.32589969406983	-0.327054814869819	0.0545802517016336	0.0549946306657996
5.95999999999992	-0.317026224824892	-0.317588566072113	0.05136562210716	0.0517713869006805
5.96999999999992	-0.308058978290741	-0.308090558682457	0.0482397728727148	0.0486429652066834
5.97999999999992	-0.298222661859907	-0.298561742493673	0.0452083646719616	0.0456096784233709
5.98999999999992	-0.288386345429072	-0.289003070379441	0.0422753196355168	0.0426718298768933
5.99999999999992	-0.278550028998238	-0.279415498199006	0.0394406377633803	0.0398297133496573
6.00999999999992	-0.268713712567403	-0.269799984701597	0.0367043190555522	0.0370836130509471
6.01999999999992	-0.258877396136569	-0.26015749143055	0.0340663635120323	0.034433803588504
6.02999999999992	-0.249041079705735	-0.250488982627157	0.0315267711328209	0.0318805499410664
6.03999999999992	-0.2392047632749	-0.240795425134241	0.0290855419179178	0.0294241074318711
6.04999999999992	-0.229368446844066	-0.231077788299474	0.026742675867323	0.027064721703122
6.05999999999992	-0.219532130413231	-0.221337043878442	0.0244981729810366	0.024802628691426
6.06999999999992	-0.209695813982397	-0.211574165937468	0.0223520332590585	0.0226380546041991
6.07999999999991	-0.199859497551562	-0.201790130756212	0.0203042567013887	0.0205712158970461
6.08999999999991	-0.190023181120728	-0.191985916730039	0.0183548433080273	0.0186023192521155
6.09999999999991	-0.180186864689893	-0.18216250427218	0.0165037930789742	0.0167315615574311
6.10999999999991	-0.170350548259059	-0.172320875715695	0.0147511060142295	0.0149591298872032
6.11999999999991	-0.160514231828225	-0.162462015215239	0.0130967821137931	0.0132852014831218
6.12999999999991	-0.15067791539739	-0.152586908648646	0.0115408213776651	0.0117099437366327
6.13999999999991	-0.140841598966556	-0.142696543518344	0.0100832238058454	0.0102335141721975
6.14999999999991	-0.131005282535721	-0.132791908852603	0.00872398939833403	0.00885606043154263
6.15999999999991	-0.121168966104887	-0.122873995106636	0.00746311815513102	0.00757772025889392
6.16999999999991	-0.111332649674052	-0.112943794063554	0.00630061007623635	0.00639862148720349
6.17999999999991	-0.101496333243218	-0.103002298735184	0.00523646516165001	0.00531888202536601
6.18999999999991	-0.0916600168123836	-0.0930505032627764	0.00427068341137203	0.00433860984642775
6.19999999999991	-0.0818237003815491	-0.083089402817584	0.00340326482540239	0.00345790297678983
6.20999999999991	-0.0719873839507147	-0.0731199935013508	0.00263420940374108	0.00267684948640523
6.21999999999991	-0.0621510675198803	-0.0631432722467005	0.00196351714638812	0.00199552747997211
6.22999999999991	-0.0523147510890458	-0.0531602367174448	0.0013911880533435	0.00141400508912337
6.23999999999991	-0.0424784346582114	-0.0431718852088174	0.000917222124607223	0.000932340465613524
6.24999999999991	-0.0326421182273769	-0.0331792165476456	0.000541619360179289	0.000550581775503489
6.25999999999991	-0.0228058017965425	-0.0231832299924682	0.000264379760059691	0.00026876719434421
6.26999999999991	-0.0129694853657081	-0.013184925133611	8.55033242484413E-05	8.69249033588204E-05
6.27999999999991	-0.00313316893487364	-0.0031853017932277	4.99005274554737E-06	5.07308662511807E-06
