0.0314658387763776		0.0995724705239708
0.0308606699924184		0.0685644225790964
0.0296174438879546		0.0661958107019889
0.0277350098112615		0.0564826475433289
0.0254000254000381		0.0487143674125063
0.0228814380978138		0.0428444903155446
0.0204124145231932		0.0396831807374772
0.0181369062527503		0.0260111257044865
0.0161164592805076		0.0298116914932888
0.0143591631723548		0.0279207422803004
0.0128458748884677		0.0368850991007729
0.0115470053837925		0.0365136526953386
0.0104313914787437		0.0255208262227419
0.00947027447620757		0.0549387347101139
0.0086386842558136		0.0256178403938507
0.00791559483576629		0.0478594186404752
0.0072835704072923		0.0312857437345408
0.00672825034078379		0.020142012469363
0.00623782861551805		0.0362636780143933
0.00580258853185659		0.0144019063059665
0.0054145097525493		0.034368662405085
0.0050669459193814		0.0291510093970863
0.00475436413205602		0.0271376245774105
0.00447213595499958		0.0243966970929146
0.00421637021355784		0.0186475926403778
0.00398377920404083		0.0195010935592508
0.00377157143202357		0.0155615800615785
0.00357736535340865		0.0238235152772342
0.00339911974196549		0.0462416145162971
0.00323507724041313		0.0104939630637241
0.00308371839387939		0.0149190296619206
0.00294372404704732		0.0127572335268322
0.00281394444084759		0.0132213835819089
0.00269337369832963		0.0229790491339417
0.00258112866459834		0.0130635332314734
0.00247643128012784		0.0120151188401884
0.00237859383418138		0.0154416518070727
0.00228700657617108		0.0210275403435304
0.00220112726581406		0.0148276576141298
0.00212047232419993		0.0088514643107299
0.00204460931223153		0.00847058898137774
0.0019731505140609		0.00769121542789811
0.00190574744398585		0.00748316291459987
0.00184208612801357		0.00855245775379958
0.00178188303765052		0.00985617358829333
0.00172488157477449		0.00995033944848074
0.00167084902372362		0.0149976575714571
0.00161957390081057		0.00778291693988943
0.00157086364297611		0.0104861326359646
0.00152454258673865		0.00784944954981128
0.00148045019637237		0.00652411102742949
0.00143843950667368		0.0110543792627794
0.00139837575100544		0.0197295364482347
0.00136013514974305		0.00656925467570455
0.00132360383794843		0.0104063994026555
0.0012886769141975		0.00538486263590574
0.00125525759509047		0.00571948179662425
0.00122325646216712		0.00928047728231368
0.00119259078980239		0.00564788739384818


0.0333333333333333		0.0740562320795721
0.032258064516129		0.0719955430538244
0.03125		0.070063647092186
0.0303030303030303		0.0682488357342832
0.0294117647058824		0.0665407779856689
0.0285714285714286		0.0649303235369753
0.0277777777777778		0.0634093387798759
0.027027027027027		0.0619705694150521
0.0263157894736842		0.06060752475364
0.0256410256410256		0.0593143798184543
0.025		0.0580858921300278
0.024390243902439		0.056917330670305
0.0238095238095238		0.0558044149943786
0.0232558139534884		0.0547432628382627
0.0227272727272727		0.0537303448710612
0.0222222222222222		0.0527624454801797
0.0217391304347826		0.0518366286715105
0.0212765957446809		0.0509502083227846
0.0208333333333333		0.0501007221552556
0.0204081632653061		0.0492859088925238
0.02		0.0485036881603012
0.0196078431372549		0.0477521427509109
0.0192307692307692		0.0470295029341894
0.0188679245283019		0.0463341325445141
0.0185185185185185		0.0456645166137156
0.0181818181818182		0.0450192503531279
0.0178571428571429		0.0443970293161327
0.0175438596491228		0.043796640596225
0.0172413793103448		0.0432169549356245
0.0169491525423729		0.0426569196364003
0.0166666666666667		0.0421155521804835
0.0163934426229508		0.0415919344772198
0.0161290322580645		0.0410852076676097
0.0158730158730159		0.040594567423384
0.015625		0.0401192596867905
0.0153846153846154		0.0396585768036305
0.0151515151515152		0.0392118540078391
0.0149253731343284		0.0387784662208772
0.0147058823529412		0.0383578251335319
0.0144927536231884		0.0379493765414719
0.0142857142857143		0.0375525979091851
0.0140845070422535		0.0371669961397796
0.0138888888888889		0.0367921055306354
0.0136986301369863		0.0364274858970842
0.0135135135135135		0.0360727208482235
0.0133333333333333		0.0357274162006658
0.0131578947368421		0.0353911985175175
0.012987012987013		0.0350637137612042
0.0128205128205128		0.0347446260499246
0.0126582278481013		0.0344336165085508
0.0125		0.0341303822057114
0.0123456790123457		0.0338346351696087
0.0121951219512195		0.03354610147585
0.0120481927710843		0.033264520401218
0.0119047619047619		0.0329896436378868
0.0117647058823529		0.0327212345631045
0.0116279069767442		0.0324590675598288
0.0114942528735632		0.0322029273842146
0.0113636363636364		0.031952608576228
0.0112359550561798		0.031707914909994
0.0111111111111111		0.0314686588807873
0.010989010989011		0.0312346612258489
0.0108695652173913		0.0310057504764527
0.010752688172043		0.0307817625388714
0.0106382978723404		0.0305625403020898
0.0105263157894737		0.030347933270293
0.0104166666666667		0.0301377972183253
0.0103092783505155		0.02993199386846
0.0102040816326531		0.0297303905869594
0.0101010101010101		0.0295328600990244
0.01		0.0293392802208481
0.0099009900990099		0.0291495336075862
0.00980392156862745		0.0289635075161529
0.00970873786407767		0.0287810935818349
0.00961538461538462		0.0286021876077922
0.00952380952380952		0.0284266893665884
0.00943396226415094		0.0282545024129545
0.00934579439252336		0.0280855339070521
0.00925925925925926		0.0279196944475552
0.00917431192660551		0.0277568979139207
0.00909090909090909		0.0275970613172614
0.00900900900900901		0.0274401046592806
0.00892857142857143		0.0272859507987638
0.00884955752212389		0.0271345253251588
0.0087719298245614		0.02698575643881
0.00869565217391304		0.0268395748374411
0.00862068965517241		0.0266959136085097
0.00854700854700855		0.0265547081270814
0.00847457627118644		0.0264158959588976
0.00840336134453781		0.0262794167683303
0.00833333333333333		0.0261452122309392
0.00826446280991736		0.0260132259503645
0.00819672131147541		0.0258834033793073
0.00813008130081301		0.025755691744365
0.00806451612903226		0.0256300399745023
0.008		0.0255063986329574
0.00793650793650794		0.0253847198523895
0.0078740157480315		0.0252649572730903
0.0078125		0.0251470659840927
0.00775193798449612		0.0250310024670175
0.00769230769230769		0.0249167245425127
0.00763358778625954		0.0248041913191454
0.00757575757575758		0.024693363144617
0.0075187969924812		0.0245842015591792
0.00746268656716418		0.0244766692511361
0.00740740740740741		0.0243707300143232
0.00735294117647059		0.0242663487074634
0.0072992700729927		0.0241634912153023
0.0072463768115942		0.0240621244114334
0.00719424460431655		0.0239622161227281
0.00714285714285714		0.02386373509529
0.00709219858156028		0.0237666509618581
0.00704225352112676		0.0236709342105873
0.00699300699300699		0.0235765561551384
0.00694444444444444		0.0234834889060152
0.00689655172413793		0.0233917053430868
0.00684931506849315		0.0233011790892395
0.00680272108843537		0.0232118844851045
0.00675675675675676		0.0231237965648092
0.00671140939597315		0.0230368910327058
0.00666666666666667		0.0229511442410304
0.00662251655629139		0.02286653316845
0.00657894736842105		0.0227830353994562
0.0065359477124183		0.0227006291045669
0.00649350649350649		0.0226192930212996
0.00645161290322581		0.0225390064358808
0.00641025641025641		0.0224597491656598
0.00636942675159236		0.0223815015421931
0.00632911392405063		0.0223042443949729
0.00628930817610063		0.022227959035768
0.00625		0.0221526272435531
0.0062111801242236		0.0220782312499994
0.00617283950617284		0.0220047537255018
0.00613496932515337		0.021932177765722
0.00609756097560976		0.0218604868786225
0.00606060606060606		0.0217896649719726
0.00602409638554217		0.0217196963413065
0.00598802395209581		0.021650565658313
0.00595238095238095		0.0215822579596408
0.00591715976331361		0.0215147586361009
0.00588235294117647		0.0214480534222497
0.00584795321637427		0.0213821283863383
0.00581395348837209		0.0213169699206119
0.00578034682080925		0.0212525647319459
0.00574712643678161		0.0211888998328048
0.00571428571428571		0.021125962532511
0.00568181818181818		0.0210637404288115
0.00564971751412429		0.02100222139973
0.00561797752808989		0.0209413935956944
0.00558659217877095		0.0208812454319274
0.00555555555555556		0.0208217655810911
0.00552486187845304		0.0207629429661757
0.00549450549450549		0.0207047667536219
0.00546448087431694		0.0206472263466699
0.00543478260869565		0.0205903113789238
0.00540540540540541		0.0205340117081264
0.00537634408602151		0.0204783174101332
0.0053475935828877		0.0204232187730811
0.00531914893617021		0.0203687062917423
0.00529100529100529		0.020314770662058
0.00526315789473684		0.0202614027758439
0.00523560209424084		0.0202085937156636
0.00520833333333333		0.0201563347498601
0.00518134715025907		0.0201046173277437
0.00515463917525773		0.0200534330749275
0.00512820512820513		0.0200027737888068
0.00510204081632653		0.0199526314341771
0.0050761421319797		0.0199029981389854
0.00505050505050505		0.0198538661902096
0.0050251256281407		0.0198052280298638
0.005		0.0197570762511215
0.00497512437810945		0.0197094035945557
0.00495049504950495		0.0196622029444905
0.00492610837438424		0.0196154673254605
0.00490196078431373		0.0195691898987739
0.0048780487804878		0.0195233639591769
0.00485436893203883		0.0194779829316149
0.00483091787439614		0.0194330403680873
0.00480769230769231		0.0193885299445936
0.00478468899521531		0.0193444454581668
0.00476190476190476		0.0193007808239917
0.004739336492891		0.019257530072605
0.00471698113207547		0.0192146873471747
0.00469483568075117		0.0191722469008565
0.00467289719626168		0.0191302030942235
0.00465116279069767		0.0190885503927685
0.00462962962962963		0.0190472833644751
0.00460829493087558		0.0190063966774563
0.00458715596330275		0.0189658850976578
0.0045662100456621		0.0189257434866247
0.00454545454545455		0.0188859667993282
0.00452488687782805		0.0188465500820525
0.0045045045045045		0.0188074884703378
0.00448430493273543		0.0187687771869793
0.00446428571428571		0.0187304115400794
0.00444444444444444		0.0186923869211519
0.00442477876106195		0.0186546988032769
0.00440528634361234		0.0186173427393038
0.0043859649122807		0.0185803143601024
0.00436681222707424		0.0185436093728592
0.00434782608695652		0.018507223559418
0.00432900432900433		0.0184711527746647
0.00431034482758621		0.0184353929449523
0.00429184549356223		0.0183999400665679
0.00427350427350427		0.0183647902042382
0.00425531914893617		0.0183299394896729
0.00423728813559322		0.0182953841201463
0.00421940928270042		0.0182611203571136
0.00420168067226891		0.0182271445248626
0.00418410041841004		0.0181934530091996
0.00416666666666667		0.0181600422561671
0.004149377593361		0.0181269087707946
0.00413223140495868		0.0180940491158797
0.00411522633744856		0.0180614599107995
0.00409836065573771		0.0180291378303511
0.00408163265306122		0.0179970796036207
0.0040650406504065		0.0179652820128799
0.00404858299595142		0.0179337418925096
0.00403225806451613		0.0179024561279486
0.00401606425702811		0.0178714216546693
0.004		0.0178406354571762
0.00398406374501992		0.0178100945680296
0.00396825396825397		0.0177797960668922
0.00395256916996047		0.0177497370795978
0.00393700787401575		0.0177199147772426
0.00392156862745098		0.0176903263752981
0.00390625		0.0176609691327438
0.00389105058365759		0.0176318403512211
0.00387596899224806		0.0176029373742062
0.00386100386100386		0.0175742575862031
0.00384615384615385		0.0175457984119538
0.00383141762452107		0.0175175573156682
0.00381679389312977		0.0174895318002702
0.00380228136882129		0.0174617194066623
0.00378787878787879		0.017434117713006
0.00377358490566038		0.0174067243340188
0.0037593984962406		0.0173795369202871
0.00374531835205993		0.0173525531575946
0.00373134328358209		0.0173257707662655
0.00371747211895911		0.0172991875005225
0.0037037037037037		0.0172728011478591
0.003690036900369		0.0172466095284256
0.00367647058823529		0.0172206104944292
0.00366300366300366		0.0171948019295463
0.00364963503649635		0.0171691817483486
0.00363636363636364		0.0171437478957415
0.0036231884057971		0.0171184983464142
0.0036101083032491		0.0170934311043022
0.00359712230215827		0.0170685442020615
0.003584229390681		0.0170438357005538
0.00357142857142857		0.0170193036883425
0.00355871886120996		0.0169949462812003
0.00354609929078014		0.0169707616216265
0.00353356890459364		0.0169467478783748
0.00352112676056338		0.0169229032459911
0.00350877192982456		0.0168992259443609
0.0034965034965035		0.0168757142182667
0.00348432055749129		0.0168523663369535
0.00347222222222222		0.0168291805937051
0.00346020761245675		0.0168061553054272
0.00344827586206897		0.0167832888122408
0.00343642611683849		0.0167605794770833
0.00342465753424658		0.0167380256853172
0.00341296928327645		0.0167156258443482
0.00340136054421769		0.0166933783832497
0.00338983050847458		0.016671281752396
0.00337837837837838		0.0166493344231021
0.00336700336700337		0.0166275348872714
0.00335570469798658		0.0166058816570503
0.00334448160535117		0.0165843732644896
0.00333333333333333		0.0165630082612126
0.00332225913621262		0.0165417852180903
0.0033112582781457		0.0165207027249225
0.0033003300330033		0.0164997593901253
0.00328947368421053		0.0164789538404256
0.00327868852459016		0.0164582847205599
0.00326797385620915		0.0164377506929809
0.00325732899022801		0.0164173504375686
0.00324675324675325		0.0163970826513472
0.00323624595469256		0.0163769460482082
0.0032258064516129		0.0163569393586379
0.00321543408360129		0.0163370613294506
0.00320512820512821		0.0163173107235273
0.00319488817891374		0.0162976863195589
0.00318471337579618		0.016278186911794
0.00317460317460317		0.0162588113097928
0.00316455696202532		0.0162395583381839
0.00315457413249211		0.0162204268364275
0.00314465408805031		0.0162014156585815
0.00313479623824451		0.016182523673073
0.003125		0.016163749762474
0.00311526479750779		0.0161450928232806
0.0031055900621118		0.0161265517656971
0.00309597523219814		0.0161081255134238
0.00308641975308642		0.0160898130034484
0.00307692307692308		0.016071613185842
0.00306748466257669		0.0160535250235585
0.00305810397553517		0.0160355474922369
0.00304878048780488		0.0160176795800087
0.00303951367781155		0.0159999202873077
0.00303030303030303		0.0159822686266838
0.00302114803625378		0.0159647236226194
0.00301204819277108		0.0159472843113507
0.003003003003003		0.0159299497406902
0.0029940119760479		0.015912718969854
0.00298507462686567		0.0158955910692914
0.00297619047619048		0.0158785651205179
0.0029673590504451		0.0158616402159508
0.0029585798816568		0.0158448154587479
0.00294985250737463		0.0158280899626495
0.00294117647058824		0.0158114628518223
0.00293255131964809		0.0157949332607067
0.00292397660818713		0.0157785003338666
0.00291545189504373		0.0157621632258419
0.00290697674418605		0.0157459211010034
0.00289855072463768		0.0157297731334103
0.00289017341040462		0.0157137185066704
0.00288184438040346		0.0156977564138022
0.0028735632183908		0.0156818860570999
0.00286532951289398		0.0156661066480004
0.00285714285714286		0.015650417406953
0.00284900284900285		0.0156348175632904
0.00284090909090909		0.0156193063551032
0.0028328611898017		0.0156038830291154
0.00282485875706215		0.0155885468405625
0.0028169014084507		0.0155732970530719
0.00280898876404494		0.0155581329385447
0.00280112044817927		0.0155430537770401
0.00279329608938547		0.0155280588566612
0.00278551532033426		0.0155131474734432
0.00277777777777778		0.015498318931243
0.00277008310249307		0.0154835725416313
0.00276243093922652		0.0154689076237853
0.00275482093663912		0.0154543235043848
0.00274725274725275		0.0154398195175084
0.00273972602739726		0.0154253950045328
0.00273224043715847		0.0154110493140324
0.00272479564032698		0.0153967818016819
0.00271739130434783		0.0153825918301594
0.002710027100271		0.0153684787690516
0.0027027027027027		0.0153544419947606
0.00269541778975741		0.0153404808904119
0.00268817204301075		0.0153265948457641
0.00268096514745308		0.0153127832571196
0.00267379679144385		0.015299045527238
0.00266666666666667		0.0152853810652491
0.00265957446808511		0.0152717892865686
0.0026525198938992		0.0152582696128149
0.00264550264550265		0.0152448214717264
0.00263852242744063		0.0152314442970818
0.00263157894736842		0.0152181375286194
0.0026246719160105		0.0152049006119601
0.00261780104712042		0.0151917329985293
0.00261096605744125		0.0151786341454819
0.00260416666666667		0.0151656035156275
0.0025974025974026		0.0151526405773568
0.00259067357512953		0.0151397448045693
0.00258397932816537		0.0151269156766025
0.00257731958762887		0.0151141526781612
0.0025706940874036		0.0151014552992492
0.00256410256410256		0.0150888230351009
0.00255754475703325		0.0150762553861144
0.00255102040816327		0.015063751857786
0.00254452926208651		0.0150513119606451
0.00253807106598985		0.0150389352101901
0.00253164556962025		0.0150266211268261
0.00252525252525253		0.0150143692358023
0.00251889168765743		0.0150021790671514
0.00251256281407035		0.0149900501556294
0.0025062656641604		0.0149779820406564
0.0025		0.0149659742662582
0.00249376558603491		0.0149540263810092
0.00248756218905473		0.0149421379379753
0.00248138957816377		0.0149303084946587
0.00247524752475248		0.0149185376129427
0.00246913580246914		0.0149068248590377
0.00246305418719212		0.0148951698034277
0.00245700245700246		0.0148835720208183
0.00245098039215686		0.0148720310900844
0.00244498777506112		0.0148605465942197
0.0024390243902439		0.0148491181202859
0.0024330900243309		0.0148377452593641
0.00242718446601942		0.0148264276065049
0.00242130750605327		0.0148151647606814
0.00241545893719807		0.0148039563247411
0.00240963855421687		0.0147928019053595
0.00240384615384615		0.0147817011129942
0.00239808153477218		0.0147706535618393
0.00239234449760766		0.0147596588697808
0.00238663484486874		0.0147487166583527
0.00238095238095238		0.0147378265526933
0.00237529691211401		0.0147269881815026
0.0023696682464455		0.0147162011769999
0.00236406619385343		0.0147054651748827
0.00235849056603774		0.0146947798142848
0.00235294117647059		0.0146841447377368
0.00234741784037559		0.0146735595911257
0.00234192037470726		0.0146630240236556
0.00233644859813084		0.0146525376878092
0.00233100233100233		0.0146421002393094
0.00232558139534884		0.0146317113370817
0.00232018561484919		0.014621370643217
0.00231481481481481		0.014611077822935
0.0023094688221709		0.0146008325445481
0.00230414746543779		0.0145906344794256
0.00229885057471264		0.0145804833019589
0.00229357798165138		0.0145703786895264
0.0022883295194508		0.0145603203224597
0.00228310502283105		0.0145503078840098
0.00227790432801822		0.0145403410603136
0.00227272727272727		0.0145304195403616
0.00226757369614512		0.0145205430159648
0.00226244343891403		0.0145107111817237
0.00225733634311512		0.0145009237349961
0.00225225225225225		0.0144911803758664
0.00224719101123596		0.0144814808071147
0.00224215246636771		0.0144718247341871
0.00223713646532438		0.0144622118651652
0.00223214285714286		0.0144526419107371
0.0022271714922049		0.0144431145841685
0.00222222222222222		0.0144336296012734
0.00221729490022173		0.0144241866803868
0.00221238938053097		0.0144147855423359
0.0022075055187638		0.0144054259104133
0.00220264317180617		0.0143961075103494
0.0021978021978022		0.0143868300702857
0.00219298245614035		0.0143775933207487
0.00218818380743982		0.0143683969946232
0.00218340611353712		0.0143592408271271
0.00217864923747277		0.0143501245557856
0.00217391304347826		0.0143410479204065
0.00216919739696312		0.014332010663055
0.00216450216450216		0.0143230125280298
0.00215982721382289		0.0143140532618384
0.0021551724137931		0.0143051326131736
0.0021505376344086		0.0142962503328902
0.00214592274678112		0.0142874061739814
0.00214132762312634		0.0142785998915562
0.00213675213675214		0.0142698312428165
0.00213219616204691		0.0142610999870353
0.00212765957446809		0.0142524058855339
0.00212314225053079		0.014243748701661
0.00211864406779661		0.0142351282007706
0.00211416490486258		0.0142265441502011
0.00210970464135021		0.0142179963192542
0.00210526315789474		0.0142094844791745
0.00210084033613445		0.0142010084031288
0.00209643605870021		0.0141925678661859
0.00209205020920502		0.0141841626452973
0.00208768267223382		0.0141757925192766
0.00208333333333333		0.014167457268781
0.00207900207900208		0.0141591566762916
0.0020746887966805		0.0141508905260948
0.0020703933747412		0.0141426586042631
0.00206611570247934		0.0141344606986373
0.00206185567010309		0.0141262965988079
0.00205761316872428		0.0141181660960972
0.00205338809034908		0.0141100689835414
0.00204918032786885		0.014102005055873
0.00204498977505112		0.014093974109504
0.00204081632653061		0.0140859759425078
0.00203665987780041		0.0140780103546033
0.00203252032520325		0.0140700771471374
0.00202839756592292		0.014062176123069
0.00202429149797571		0.0140543070869522
0.00202020202020202		0.0140464698449208
0.00201612903225806		0.0140386642046718
0.00201207243460765		0.0140308899754499
0.00200803212851406		0.0140231469680321
0.00200400801603206		0.0140154349947122
0.002		0.0140077538692856
0.00199600798403194		0.0140001034070343
0.00199203187250996		0.0139924834247123
0.00198807157057654		0.0139848937405307
0.00198412698412698		0.0139773341741436
0.00198019801980198		0.0139698045466332
0.00197628458498024		0.0139623046804963
0.0019723865877712		0.0139548343996303
0.00196850393700787		0.0139473935293188
0.00196463654223969		0.0139399818962187
0.00196078431372549		0.0139325993283465
0.00195694716242661		0.0139252456550648
0.001953125		0.0139179207070694
0.00194931773879142		0.013910624316376
0.00194552529182879		0.013903356316308
0.00194174757281553		0.0138961165414829
0.00193798449612403		0.0138889048278006
0.00193423597678917		0.0138817210124304
0.00193050193050193		0.013874564933799
0.00192678227360308		0.0138674364315786
0.00192307692307692		0.0138603353466744
0.00191938579654511		0.0138532615212132
0.00191570881226054		0.0138462147985315
0.00191204588910134		0.0138391950231642
0.00190839694656489		0.0138322020408326
0.0019047619047619		0.0138252356984336
0.00190114068441065		0.0138182958440286
0.00189753320683112		0.013811382326832
0.00189393939393939		0.0138044949972004
0.00189035916824197		0.0137976337066224
0.00188679245283019		0.0137907983077068
0.00188323917137476		0.0137839886541733
0.0018796992481203		0.013777204600841
0.00187617260787993		0.0137704460036188
0.00187265917602996		0.0137637127194948
0.00186915887850467		0.0137570046065264
0.00186567164179104		0.0137503215238302
0.00186219739292365		0.0137436633315724
0.00185873605947955		0.0137370298909587
0.00185528756957328		0.0137304210642248
0.00185185185185185		0.013723836714627
0.00184842883548983		0.0137172767064325
0.0018450184501845		0.0137107409049103
0.00184162062615101		0.0137042291763218
0.00183823529411765		0.0136977413879121
0.0018348623853211		0.0136912774079001
0.00183150183150183		0.0136848371054706
0.00182815356489945		0.0136784203507648
0.00182481751824818		0.0136720270148718
0.00182149362477231		0.0136656569698199
0.00181818181818182		0.0136593100885682
0.00181488203266788		0.013652986244998
0.00181159420289855		0.0136466853139046
0.00180831826401447		0.0136404071709886
0.00180505415162455		0.0136341516928486
0.0018018018018018		0.0136279187569721
0.00179856115107914		0.0136217082417282
0.00179533213644524		0.0136155200263596
0.0017921146953405		0.0136093539909743
0.00178890876565295		0.0136032100165386
0.00178571428571429		0.0135970879848687
0.0017825311942959		0.0135909877786237
0.00177935943060498		0.0135849092812976
0.00177619893428064		0.0135788523772125
0.00177304964539007		0.0135728169515107
0.00176991150442478		0.0135668028901477
0.00176678445229682		0.0135608100798849
0.0017636684303351		0.0135548384082826
0.00176056338028169		0.013548887763693
0.00175746924428822		0.0135429580352531
0.00175438596491228		0.0135370491128779
0.00175131348511384		0.0135311608872536
0.00174825174825175		0.0135252932498308
0.00174520069808028		0.0135194460928178
0.00174216027874564		0.0135136193091742
0.00173913043478261		0.0135078127926042
0.00173611111111111		0.01350202643755
0.00173310225303293		0.0134962601391858
0.00173010380622837		0.013490513793411
0.00172711571675302		0.0134847872968445
0.00172413793103448		0.0134790805468179
0.00172117039586919		0.0134733934413697
0.00171821305841924		0.0134677258792391
0.00171526586620926		0.0134620777598603
0.00171232876712329		0.0134564489833561
0.00170940170940171		0.0134508394505322
0.00170648464163823		0.0134452490628716
0.00170357751277683		0.0134396777225283
0.00170068027210884		0.0134341253323223
0.00169779286926995		0.0134285917957333
0.00169491525423729		0.0134230770168955
0.00169204737732657		0.0134175809005917
0.00168918918918919		0.0134121033522485
0.00168634064080944		0.01340664427793
0.00168350168350168		0.0134012035843332
0.00168067226890756		0.013395781178782
0.00167785234899329		0.0133903769692226
0.0016750418760469		0.0133849908642179
0.00167224080267559		0.0133796227729423
0.00166944908180301		0.0133742726051768
0.00166666666666667		0.0133689402713038
0.00166389351081531		0.0133636256823023
0.00166112956810631		0.0133583287497426
0.00165837479270315		0.0133530493857819
0.00165562913907285		0.0133477875031587
0.00165289256198347		0.0133425430151888
0.00165016501650165		0.0133373158357601
0.00164744645799012		0.0133321058793279
0.00164473684210526		0.0133269130609102
0.00164203612479475		0.0133217372960835
0.00163934426229508		0.0133165785009774
0.0016366612111293		0.0133114365922711
0.00163398692810458		0.0133063114871879
0.00163132137030995		0.0133012031034917
0.00162866449511401		0.0132961113594818
0.0016260162601626		0.0132910361739889
0.00162337662337662		0.0132859774663711
0.00162074554294976		0.0132809351565089
0.00161812297734628		0.0132759091648016
0.00161550888529887		0.0132708994121628
0.00161290322580645		0.0132659058200164
0.00161030595813205		0.0132609283102924
0.00160771704180064		0.0132559668054228
0.00160513643659711		0.0132510212283376
0.0016025641025641		0.0132460915024611
0.0016		0.0132411775517074
0.00159744408945687		0.0132362793004769
0.00159489633173844		0.0132313966736522
0.00159235668789809		0.0132265295965945
0.00158982511923688		0.0132216779951395
0.00158730158730159		0.0132168417955938
0.00158478605388273		0.0132120209247314
0.00158227848101266		0.0132072153097894
0.00157977883096367		0.0132024248784649
0.00157728706624606		0.0131976495589112
0.0015748031496063		0.013192889279734
0.00157232704402516		0.0131881439699882
0.00156985871271586		0.0131834135591741
0.00156739811912226		0.013178697977234
0.00156494522691706		0.0131739971545488
0.0015625		0.0131693110219345
0.0015600624024961		0.0131646395106388
0.00155763239875389		0.0131599825523378
0.0015552099533437		0.0131553400791326
0.0015527950310559		0.013150712023546
0.00155038759689922		0.0131460983185194
0.00154798761609907		0.0131414988974093
0.00154559505409583		0.0131369136939843
0.00154320987654321		0.0131323426424216
0.00154083204930663		0.0131277856773045
0.00153846153846154		0.0131232427336185
0.00153609831029186		0.0131187137467487
0.00153374233128834		0.0131141986524767
0.00153139356814701		0.0131096973869773
0.00152905198776758		0.0131052098868159
0.00152671755725191		0.013100736088945
0.00152439024390244		0.0130962759307018
0.0015220700152207		0.0130918293498048
0.00151975683890578		0.0130873962843513
0.00151745068285281		0.0130829766728142
0.00151515151515152		0.0130785704540393
0.00151285930408472		0.0130741775672426
0.00151057401812689		0.0130697979520072
0.00150829562594268		0.0130654315482808
0.00150602409638554		0.0130610782963728
0.00150375939849624		0.0130567381369518
0.0015015015015015		0.0130524110110425
0.00149925037481259		0.0130480968600236
0.00149700598802395		0.0130437956256244
0.00149476831091181		0.0130395072499231
0.00149253731343284		0.0130352316753432
0.0014903129657228		0.0130309688446517
0.00148809523809524		0.0130267187009564
0.00148588410104012		0.013022481187703
0.00148367952522255		0.0130182562486728
0.00148148148148148		0.0130140438279806
0.0014792899408284		0.0130098438700714
0.00147710487444609		0.0130056563197189
0.00147492625368732		0.0130014811220222
0.00147275405007364		0.0129973182224042
0.00147058823529412		0.0129931675666086
0.00146842878120411		0.0129890291006979
0.00146627565982405		0.0129849027710508
0.00146412884333821		0.0129807885243603
0.00146198830409357		0.0129766863076308
0.00145985401459854		0.0129725960681764
0.00145772594752187		0.0129685177536184
0.00145560407569141		0.012964451311883
0.00145348837209302		0.0129603966911992
0.00145137880986938		0.0129563538400964
0.00144927536231884		0.0129523227074026
0.00144717800289436		0.012948303242242
0.00144508670520231		0.0129442953940327
0.00144300144300144		0.0129402991124848
0.00144092219020173		0.0129363143475986
0.00143884892086331		0.0129323410496616
0.0014367816091954		0.0129283791692474
0.00143472022955524		0.0129244286572132
0.00143266475644699		0.0129204894646977
0.00143061516452074		0.0129165615431193
0.00142857142857143		0.012912644844174
0.0014265335235378		0.0129087393198333
0.00142450142450142		0.0129048449223427
0.00142247510668563		0.012900961604219
0.00142045454545455		0.0128970893182491
0.00141843971631206		0.0128932280174876
0.00141643059490085		0.0128893776552551
0.00141442715700141		0.0128855381851365
0.00141242937853107		0.0128817095609787
0.00141043723554302		0.012877891736889
0.00140845070422535		0.0128740846672334
0.00140646976090014		0.0128702883066345
0.00140449438202247		0.0128665026099698
0.00140252454417952		0.0128627275323701
0.00140056022408964		0.0128589630292175
0.0013986013986014		0.0128552090561436
0.00139664804469274		0.0128514655690281
0.00139470013947001		0.0128477325239965
0.00139275766016713		0.012844009877419
0.00139082058414465		0.0128402975859086
0.00138888888888889		0.012836595606319
0.0013869625520111		0.0128329038957435
0.00138504155124654		0.0128292224115131
0.00138312586445367		0.0128255511111948
0.00138121546961326		0.0128218899525901
0.00137931034482759		0.0128182388937333
0.00137741046831956		0.0128145978928899
0.00137551581843191		0.0128109669085549
0.00137362637362637		0.0128073458994517
0.00137174211248285		0.0128037348245298
0.00136986301369863		0.0128001336429639
0.00136798905608755		0.0127965423141519
0.00136612021857924		0.0127929607977137
0.00136425648021828		0.0127893890534895
0.00136239782016349		0.0127858270415384
0.00136054421768707		0.0127822747221369
0.00135869565217391		0.0127787320557772
0.00135685210312076		0.012775199003166
0.0013550135501355		0.0127716755252233
0.0013531799729364		0.0127681615830801
0.00135135135135135		0.0127646571380778
0.00134952766531714		0.0127611621517665
0.00134770889487871		0.0127576765859034
0.00134589502018843		0.0127542004024519
0.00134408602150538		0.0127507335635795
0.00134228187919463		0.0127472760316571
0.00134048257372654		0.0127438277692573
0.00133868808567604		0.012740388739153
0.00133689839572193		0.0127369589043165
0.00133511348464619		0.0127335382279174
0.00133333333333333		0.012730126673322
0.00133155792276964		0.0127267242040918
0.00132978723404255		0.0127233307839818
0.00132802124833997		0.0127199463769398
0.0013262599469496		0.0127165709471049
0.00132450331125828		0.0127132044588059
0.00132275132275132		0.0127098468765607
0.00132100396301189		0.0127064981650743
0.00131926121372032		0.0127031582892384
0.00131752305665349		0.0126998272141292
0.00131578947368421		0.0126965049050072
0.00131406044678055		0.0126931913273152
0.00131233595800525		0.0126898864466775
0.00131061598951507		0.0126865902288986
0.00130890052356021		0.0126833026399621
0.00130718954248366		0.0126800236460293
0.00130548302872063		0.0126767532134384
0.00130378096479791		0.012673491308703
0.00130208333333333		0.0126702378985112
0.00130039011703511		0.0126669929497243
0.0012987012987013		0.0126637564293759
0.0012970168612192		0.0126605283046703
0.00129533678756477		0.0126573085429821
0.00129366106080207		0.0126540971118546
0.00129198966408269		0.0126508939789987
0.00129032258064516		0.0126476991122921
0.00128865979381443		0.0126445124797781
0.00128700128700129		0.0126413340496643
0.0012853470437018		0.0126381637903221
0.00128369704749679		0.0126350016702849
0.00128205128205128		0.0126318476582479
0.00128040973111396		0.0126287017230663
0.00127877237851662		0.0126255638337547
0.00127713920817369		0.012622433959486
0.00127551020408163		0.0126193120695905
0.00127388535031847		0.0126161981335546
0.00127226463104326		0.01261309212102
0.00127064803049555		0.0126099940017829
0.00126903553299492		0.0126069037457925
0.00126742712294043		0.0126038213231507
0.00126582278481013		0.0126007467041105
0.00126422250316056		0.0125976798590755
0.00126262626262626		0.0125946207585986
0.00126103404791929		0.0125915693733815
0.00125944584382872		0.0125885256742732
0.00125786163522013		0.0125854896322695
0.00125628140703518		0.0125824612185122
0.00125470514429109		0.0125794404042874
0.0012531328320802		0.0125764271610256
0.00125156445556946		0.0125734214603002
0.00125		0.0125704232738266
0.00124843945068664		0.0125674325734615
0.00124688279301746		0.0125644493312021
0.0012453300124533		0.0125614735191849
0.00124378109452736		0.0125585051096851
0.00124223602484472		0.0125555440751158
0.00124069478908189		0.0125525903880268
0.00123915737298637		0.0125496440211041
0.00123762376237624		0.0125467049471688
0.00123609394313968		0.0125437731391765
0.00123456790123457		0.0125408485702163
0.00123304562268804		0.01253793121351
0.00123152709359606		0.0125350210424113
0.001230012300123		0.0125321180304052
0.00122850122850123		0.0125292221511066
0.00122699386503067		0.0125263333782603
0.00122549019607843		0.0125234516857397
0.00122399020807834		0.0125205770475459
0.00122249388753056		0.0125177094378073
0.00122100122100122		0.0125148488307787
0.00121951219512195		0.0125119952008404
0.00121802679658952		0.0125091485224976
0.00121654501216545		0.0125063087703795
0.00121506682867558		0.0125034759192386
0.00121359223300971		0.0125006499439499
0.00121212121212121		0.0124978308195105
0.00121065375302663		0.0124950185210382
0.00120918984280532		0.0124922130237714
0.00120772946859903		0.012489414303068
0.00120627261761158		0.012486622334405
0.00120481927710843		0.0124838370933772
0.00120336943441637		0.0124810585556974
0.00120192307692308		0.0124782866971946
0.00120048019207683		0.0124755214938143
0.00119904076738609		0.0124727629216171
0.00119760479041916		0.0124700109567785
0.00119617224880383		0.0124672655755879
0.001194743130227		0.0124645267544479
0.00119331742243437		0.0124617944698738
0.00119189511323004		0.012459068698493
0.00119047619047619		0.0124563494170441
0.00118906064209275		0.0124536366023763
0.00118764845605701		0.0124509302314487
0.00118623962040332		0.0124482302813301
0.00118483412322275		0.0124455367291974
0.00118343195266272		0.0124428495523361
0.00118203309692671		0.0124401687281388
0.00118063754427391		0.0124374942341049
0.00117924528301887		0.0124348260478399
0.00117785630153121		0.0124321641470549
0.00117647058823529		0.0124295085095659
0.00117508813160987		0.0124268591132931
0.00117370892018779		0.0124242159362603
0.00117233294255569		0.0124215789565946
0.00117096018735363		0.0124189481525253
0.00116959064327485		0.0124163235023836
0.00116822429906542		0.0124137049846021
0.00116686114352392		0.0124110925777138
0.00116550116550117		0.0124084862603522
0.00116414435389988		0.0124058860112498
0.00116279069767442		0.0124032918092383
0.00116144018583043		0.0124007036332478
0.00116009280742459		0.012398121462306
0.00115874855156431		0.0123955452755378
0.00115740740740741		0.012392975052165
0.00115606936416185		0.0123904107715051
0.00115473441108545		0.0123878524129715
0.00115340253748558		0.0123852999560723
0.00115207373271889		0.0123827533804103
0.00115074798619102		0.0123802126656818
0.00114942528735632		0.0123776777916769
0.00114810562571757		0.0123751487382782
0.00114678899082569		0.0123726254854607
0.0011454753722795		0.0123701080132911
0.0011441647597254		0.0123675963019273
0.00114285714285714		0.0123650903316181
0.00114155251141553		0.0123625900827024
0.00114025085518814		0.0123600955356085
0.00113895216400911		0.0123576066708543
0.00113765642775882		0.012355123469046
0.00113636363636364		0.0123526459108782
0.00113507377979569		0.0123501739771331
0.00113378684807256		0.0123477076486799
0.00113250283125708		0.0123452469064746
0.00113122171945701		0.0123427917315593
0.00112994350282486		0.012340342105062
0.00112866817155756		0.0123378980081955
0.00112739571589628		0.0123354594222577
0.00112612612612613		0.0123330263286306
0.00112485939257593		0.01233059870878
0.00112359550561798		0.0123281765442548
0.00112233445566779		0.0123257598166871
0.00112107623318386		0.012323348507791
0.00111982082866741		0.0123209425993628
0.00111856823266219		0.0123185420732801
0.00111731843575419		0.0123161469115014
0.00111607142857143		0.012313757096066
0.00111482720178372		0.0123113726090932
0.00111358574610245		0.0123089934327817
0.00111234705228031		0.0123066195494097
0.00111111111111111		0.0123042509413342
0.00110987791342952		0.0123018875909902
0.00110864745011086		0.0122995294808908
0.00110741971207087		0.0122971765936267
0.00110619469026549		0.0122948289118654
0.00110497237569061		0.0122924864183511
0.0011037527593819		0.0122901490959041
0.00110253583241455		0.0122878169274206
0.00110132158590308		0.0122854898958721
0.0011001100110011		0.0122831679843051
0.0010989010989011		0.0122808511758403
0.00109769484083425		0.012278539453673
0.00109649122807018		0.0122762328010718
0.00109529025191676		0.0122739312013788
0.00109409190371991		0.0122716346380091
0.00109289617486339		0.0122693430944499
0.00109170305676856		0.012267056554261
0.00109051254089422		0.0122647750010736
0.00108932461873638		0.0122624984185903
0.00108813928182807		0.0122602267905846
0.00108695652173913		0.0122579601009007
0.001085776330076		0.0122556983334528
0.00108459869848156		0.012253441472225
0.00108342361863489		0.0122511895012707
0.00108225108225108		0.0122489424047124
0.00108108108108108		0.0122467001667412
0.00107991360691145		0.0122444627716167
0.00107874865156419		0.012242230203666
0.00107758620689655		0.0122400024472843
0.00107642626480086		0.0122377794869335
0.0010752688172043		0.0122355613071426
0.00107411385606874		0.012233347892507
0.00107296137339056		0.0122311392276882
0.00107181136120043		0.0122289352974135
0.00107066381156317		0.0122267360864756
0.00106951871657754		0.0122245415797322
0.00106837606837607		0.0122223517621057
0.00106723585912487		0.0122201666185831
0.00106609808102345		0.0122179861342151
0.00106496272630458		0.0122158102941162
0.00106382978723404		0.0122136390834644
0.00106269925611052		0.0122114724875005
0.00106157112526539		0.012209310491528
0.00106044538706257		0.0122071530809128
0.00105932203389831		0.0122050002410828
0.00105820105820106		0.0122028519575275
0.00105708245243129		0.012200708215798
0.00105596620908131		0.0121985690015061
0.00105485232067511		0.0121964343003246
0.00105374077976818		0.0121943040979864
0.00105263157894737		0.0121921783802847
0.0010515247108307		0.0121900571330724
0.00105042016806723		0.0121879403422619
0.00104931794333683		0.0121858279938244
0.0010482180293501		0.0121837200737904
0.00104712041884817		0.0121816165682487
0.00104602510460251		0.0121795174633461
0.00104493207941484		0.0121774227452876
0.00104384133611691		0.0121753324003358
0.00104275286757039		0.0121732464148103
0.00104166666666667		0.012171164775088
0.00104058272632674		0.0121690874676023
0.00103950103950104		0.0121670144788433
0.00103842159916926		0.0121649457953568
0.00103734439834025		0.0121628814037448
0.00103626943005181		0.0121608212906647
0.0010351966873706		0.012158765442829
0.00103412616339193		0.0121567138470054
0.00103305785123967		0.0121546664900161
0.00103199174406605		0.0121526233587379
0.00103092783505155		0.0121505844401014
0.00102986611740474		0.0121485497210914
0.00102880658436214		0.0121465191887461
0.00102774922918808		0.0121444928301568
0.00102669404517454		0.0121424706324681
0.00102564102564103		0.0121404525828773
0.00102459016393443		0.012138438668634
0.00102354145342886		0.0121364288770401
0.00102249488752556		0.0121344231954494
0.00102145045965271		0.0121324216112676
0.00102040816326531		0.0121304241119514
0.00101936799184506		0.0121284306850089
0.0010183299389002		0.0121264413179991
0.00101729399796541		0.0121244559985316
0.00101626016260163		0.0121224747142662
0.00101522842639594		0.012120497452913
0.00101419878296146		0.012118524202232
0.00101317122593718		0.0121165549500325
0.00101214574898785		0.0121145896841736
0.00101112234580384		0.0121126283925631
0.00101010101010101		0.0121106710631579
0.00100908173562059		0.0121087176839634
0.00100806451612903		0.0121067682430334
0.00100704934541793		0.0121048227284698
0.00100603621730382		0.0121028811284224
0.00100502512562814		0.0121009434310887
0.00100401606425703		0.0120990096247135
0.00100300902708124		0.0120970796975888
0.00100200400801603		0.0120951536380536
0.001001001001001		0.0120932314344933
0.001		0.0120913130753402
