-2	-0.0366312777774684
-1.91836734693878	-0.0483804828424881
-1.83673469387755	-0.0629380126298839
-1.75510204081633	-0.0806322830506509
-1.6734693877551	-0.101712930281356
-1.59183673469388	-0.126305000099215
-1.51020408163265	-0.15435940868291
-1.42857142857143	-0.185603726150085
-1.3469387755102	-0.219498556882191
-1.26530612244898	-0.255205673398719
-1.18367346938776	-0.291574372154669
-1.10204081632653	-0.32715205623267
-1.02040816326531	-0.360223678128756
-0.938775510204082	-0.388882374533601
-0.857142857142857	-0.411130516140038
-0.775510204081633	-0.425006755445155
-0.693877551020408	-0.428730900126345
-0.612244897959184	-0.420855080447287
-0.530612244897959	-0.400407254119028
-0.448979591836735	-0.367012079008974
-0.36734693877551	-0.320974912329796
-0.285714285714286	-0.263317270656493
-0.204081632653061	-0.195756347533188
-0.122448979591837	-0.120626705388683
-0.0408163265306123	-0.0407483842632829
0.0408163265306123	0.0407483842632829
0.122448979591837	0.120626705388684
0.204081632653061	0.195756347533188
0.285714285714286	0.263317270656493
0.36734693877551	0.320974912329796
0.448979591836735	0.367012079008974
0.530612244897959	0.400407254119028
0.612244897959183	0.420855080447287
0.693877551020408	0.428730900126345
0.775510204081633	0.425006755445155
0.857142857142857	0.411130516140038
0.938775510204082	0.388882374533601
1.02040816326531	0.360223678128756
1.10204081632653	0.32715205623267
1.18367346938776	0.291574372154669
1.26530612244898	0.255205673398719
1.3469387755102	0.219498556882191
1.42857142857143	0.185603726150085
1.51020408163265	0.15435940868291
1.59183673469388	0.126305000099215
1.6734693877551	0.101712930281356
1.75510204081633	0.0806322830506509
1.83673469387755	0.062938012629884
1.91836734693878	0.0483804828424881
2	0.0366312777774684


-2	-0.0411732509470478
-1.96	-0.0431003728724292
-1.92	-0.0467661624638756
-1.88	-0.0518858204914168
-1.84	-0.058274758354835
-1.8	-0.0658168747604716
-1.76	-0.0744412706987832
-1.72	-0.0841052825032322
-1.68	-0.0947820557921264
-1.64	-0.106451321296126
-1.6	-0.11909242936003
-1.56	-0.132679006130903
-1.52	-0.147174811690228
-1.48	-0.162530527474042
-1.44	-0.178681298209791
-1.4	-0.195544918892016
-1.36	-0.213020601160827
-1.32	-0.230988282612343
-1.28	-0.249308461026283
-1.24	-0.267822545662485
-1.2	-0.28635372132579
-1.16	-0.304708319169904
-1.12	-0.322677682402967
-1.08	-0.3400405062839
-1.04	-0.356565621096458
-0.999999999999999	-0.372015175111819
-0.959999999999999	-0.386148162762467
-0.919999999999999	-0.39872423211189
-0.879999999999999	-0.40950769587066
-0.839999999999999	-0.418271662220044
-0.799999999999999	-0.424802195979196
-0.759999999999999	-0.428902417484183
-0.719999999999999	-0.430396446100114
-0.679999999999999	-0.42913309759497
-0.639999999999999	-0.424989249573809
-0.599999999999999	-0.417872796598174
-0.559999999999999	-0.407725126190878
-0.519999999999999	-0.394523058264
-0.479999999999999	-0.37828020316427
-0.439999999999999	-0.359047707030983
-0.399999999999999	-0.336914367029058
-0.359999999999999	-0.312006112797184
-0.319999999999999	-0.284484863725987
-0.279999999999999	-0.254546784104138
-0.239999999999999	-0.222419969467292
-0.199999999999999	-0.18836160746429
-0.159999999999999	-0.152654665108152
-0.119999999999999	-0.115604161374117
-0.0799999999999988	-0.0775330897769219
-0.0399999999999988	-0.0387780598882884
1.23512311489549E-15	0.000315270140935742
0.0400000000000012	0.0393968959827886
0.0800000000000012	0.0781172293536579
0.120000000000001	0.116131844787951
0.160000000000001	0.153106136335801
0.200000000000001	0.188719810967951
0.240000000000001	0.222671147666551
0.280000000000001	0.254680954209878
0.320000000000001	0.284496157599341
0.360000000000001	0.311892969020558
0.400000000000001	0.336679570266832
0.440000000000001	0.358698275753158
0.480000000000001	0.377827132644915
0.520000000000001	0.393980931197407
0.560000000000001	0.407111608065367
0.600000000000001	0.417208036938047
0.640000000000001	0.424295213154367
0.680000000000001	0.428432851653006
0.720000000000001	0.429713430354455
0.760000000000001	0.42825972345241
0.800000000000001	0.424221880683394
0.840000000000001	0.417774119018275
0.880000000000001	0.409111101972761
0.920000000000001	0.39844408850863
0.960000000000002	0.385996938004401
1	0.37200205981139
1.04	0.356696395376237
1.08	0.340317517809014
1.12	0.323099928220225
1.16	0.305271620356996
1.2	0.287050975347516
1.24	0.268644037098724
1.28	0.250242206527193
1.32	0.23202037981303
1.36	0.214135542737493
1.4	0.196725820369853
1.44	0.179909969345468
1.48	0.163787289106354
1.52	0.148437919056983
1.56	0.133923480781969
1.6	0.120288018106861
1.64	0.107559181670287
1.68	0.0957495943641301
1.72	0.0848583051746341
1.76	0.074872150413818
1.8	0.0657665874320413
1.84	0.0575049099126825
1.88	0.0500332476851572
1.92	0.0432657344778197
1.96	0.0370489707364063


-2	-0.0232435515359788	-0.128209472221139
-1.96	-0.0713548298276075	-0.143416386619993
-1.92	-0.110765504043232	-0.159715516759634
-1.88	-0.144461363862322	-0.177064871474835
-1.84	-0.174511346454486	-0.195397375901252
-1.8	-0.202306024369209	-0.214618145142449
-1.76	-0.228741105672732	-0.234601985927717
-1.72	-0.254351379523721	-0.25519123145455
-1.68	-0.27940569491776	-0.276194020968643
-1.64	-0.303973742352382	-0.297383139165004
-1.6	-0.327973479816148	-0.318495530626395
-1.56	-0.351205687551696	-0.339232600732413
-1.52	-0.37338011427934	-0.359261406339884
-1.48	-0.394136196269633	-0.378216826733391
-1.44	-0.413060331603452	-0.395704787699584
-1.4	-0.42970103780427	-0.411306589089452
-1.36	-0.443582884289942	-0.424584359095162
-1.32	-0.454219782457276	-0.435087627092682
-1.28	-0.46112798314346	-0.4423609719228
-1.24	-0.463838946843216	-0.445952664759873
-1.2	-0.461912104210638	-0.445424186322389
-1.16	-0.454947407842789	-0.440360458377027
-1.12	-0.442597488592064	-0.430380590702462
-1.08	-0.424579168801961	-0.415148908449424
-1.04	-0.400684048946715	-0.394385992758367
-0.999999999999999	-0.370787870983564	-0.367879441171442
-0.959999999999999	-0.334858368882831	-0.335494035324455
-0.919999999999999	-0.292961341688376	-0.297180993004861
-0.879999999999999	-0.245264724311373	-0.252985981072504
-0.839999999999999	-0.192040483136743	-0.203055575831311
-0.799999999999999	-0.133664224328083	-0.147641878732052
-0.759999999999999	-0.070612469238367	-0.0871050278959883
-0.719999999999999	-0.00345762030719304	-0.0219133895544033
-0.679999999999999	0.067139290955899	0.0473587326813575
-0.639999999999999	0.140437917864542	0.120035970011056
-0.599999999999999	0.21562976034255	0.195349371299891
-0.559999999999999	0.291850911441147	0.27244645048522
-0.519999999999999	0.368196086727469	0.350403674293736
-0.479999999999999	0.443733607571866	0.428241187730845
-0.439999999999999	0.517520994261139	0.50493949914567
-0.399999999999999	0.588620821550024	0.579457776497026
-0.359999999999999	0.656116496896187	0.650753344510431
-0.319999999999999	0.719127638847042	0.717801921286767
-0.279999999999999	0.776824758105813	0.779618094845811
-0.239999999999999	0.828442974697018	0.835275516885703
-0.199999999999999	0.873294539287497	0.883926284020139
-0.159999999999999	0.910779963079452	0.924818986639783
-0.119999999999999	0.940397596976085	0.957314932419718
-0.0799999999999988	0.961751535467112	0.980902094793497
-0.0399999999999988	0.9745577528561	0.99520639522379
1.23512311489549E-15	0.97864840849158	1
0.0400000000000012	0.97397428348058	0.99520639522379
0.0800000000000012	0.960605334299682	0.980902094793495
0.120000000000001	0.938729369469476	0.957314932419716
0.160000000000001	0.908648874957128	0.924818986639781
0.200000000000001	0.870776033259803	0.883926284020136
0.240000000000001	0.825626001205879	0.835275516885699
0.280000000000001	0.773808533228602	0.779618094845808
0.320000000000001	0.716018060765731	0.717801921286763
0.360000000000001	0.653022364685568	0.650753344510427
0.400000000000001	0.5856500059651	0.579457776497022
0.440000000000001	0.514776709529821	0.504939499145665
0.480000000000001	0.441310926066435	0.42824118773084
0.520000000000001	0.366178825246957	0.350403674293731
0.560000000000001	0.290308999418185	0.272446450485215
0.600000000000001	0.214617177562839	0.195349371299886
0.640000000000001	0.139991263410416	0.120035970011051
0.680000000000001	0.0672770173350622	0.0473587326813531
0.720000000000001	-0.00273530218006127	-0.0219133895544073
0.760000000000001	-0.0693230360623871	-0.0871050278959921
0.800000000000001	-0.131841684820561	-0.147641878732056
0.840000000000001	-0.189733690656559	-0.203055575831314
0.880000000000001	-0.242535246054997	-0.252985981072507
0.920000000000001	-0.289880986793451	-0.297180993004863
0.960000000000002	-0.331506486928373	-0.335494035324457
1	-0.367248536770559	-0.367879441171443
1.04	-0.397043249558517	-0.394385992758368
1.08	-0.420922105746098	-0.415148908449425
1.12	-0.4390061028709	-0.430380590702463
1.16	-0.4514982313933	-0.440360458377027
1.2	-0.458674540563891	-0.445424186322389
1.24	-0.460874091614579	-0.445952664759873
1.28	-0.458488117237025	-0.442360971922799
1.32	-0.451948715856399	-0.435087627092681
1.36	-0.441717406668762	-0.424584359095161
1.4	-0.428273857399718	-0.411306589089451
1.44	-0.412105072406807	-0.395704787699583
1.48	-0.393695295772037	-0.37821682673339
1.52	-0.373516844933332	-0.359261406339883
1.56	-0.352022050095501	-0.339232600732412
1.6	-0.329636446615454	-0.318495530626394
1.64	-0.306753394958484	-0.297383139165003
1.68	-0.283730522382543	-0.276194020968642
1.72	-0.260889190153296	-0.255191231454549
1.76	-0.238520621620017	-0.234601985927716
1.8	-0.216908699078125	-0.214618145142448
1.84	-0.196394073356645	-0.195397375901251
1.88	-0.177533113329514	-0.177064871474834
1.92	-0.161451999047331	-0.159715516759633
1.96	-0.150567400414933	-0.143416386619992


-2	0	-0.00915781944436709
-1.996	-0.000164892897675351	-0.00930537414601368
-1.992	-0.000330242528725766	-0.00945500374712854
-1.988	-0.00049613191193626	-0.00960673195878036
-1.984	-0.000662642174649952	-0.00976058266984452
-1.98	-0.000829852624734062	-0.00991657994677425
-1.976	-0.00099784082028026	-0.0100747480333394
-1.972	-0.00116668263708941	-0.0102351113503327
-1.968	-0.00133645233398866	-0.0103976944952421
-1.964	-0.00150722261603237	-0.0105625222418905
-1.96	-0.00167906469563678	-0.0107296195400402
-1.956	-0.00185204835169589	-0.0108990115149633
-1.952	-0.00202624198673174	-0.0110707234669769
-1.948	-0.00220171268212588	-0.0112447808709428
-1.944	-0.00237852625148166	-0.011421209375731
-1.94	-0.00255674729216665	-0.0116000348036467
-1.936	-0.00273643923508288	-0.0117812831498205
-1.932	-0.00291766439271135	-0.0119649805815609
-1.928	-0.00310048400548091	-0.0121511534376692
-1.924	-0.0032849582865041	-0.0123398282277162
-1.92	-0.00347114646472813	-0.0125310316312794
-1.916	-0.0036591068265443	-0.0127247904971415
-1.912	-0.00384889675590167	-0.0129211318424492
-1.908	-0.00404057277296571	-0.0131200828518316
-1.904	-0.00423419057136776	-0.0133216708764781
-1.9	-0.00442980505408258	-0.0135259234331752
-1.896	-0.004627470367979	-0.0137328682033017
-1.892	-0.00482723993707995	-0.0139425330317822
-1.888	-0.00502916649457219	-0.0141549459259979
-1.884	-0.00523330211360495	-0.0143701350546548
-1.88	-0.00543969823691071	-0.0145881287466085
-1.876	-0.00564840570528813	-0.0148089554896452
-1.872	-0.00585947478498017	-0.0150326439292191
-1.868	-0.00607295519398121	-0.0152592228671442
-1.864	-0.00628889612730804	-0.0154887212602426
-1.86	-0.00650734628126581	-0.0157211682189457
-1.856	-0.00672835387673931	-0.0159565930058511
-1.852	-0.00695196668154358	-0.0161950250342325
-1.848	-0.00717823203185919	-0.016436493866503
-1.844	-0.00740719685278374	-0.0166810292126314
-1.84	-0.00763890767802622	-0.0169286609285116
-1.836	-0.00787341066877184	-0.0171794190142833
-1.832	-0.00811075163174163	-0.0174333336126053
-1.828	-0.00835097603647583	-0.0176904350068798
-1.824	-0.00859412903186113	-0.0179507536194276
-1.82	-0.00884025546192874	-0.0182143200096145
-1.816	-0.00908939988094387	-0.0184811648719278
-1.812	-0.00934160656781141	-0.0187513190340021
-1.808	-0.00959691953981601	-0.0190248134545958
-1.804	-0.00985538256572049	-0.0193016792215163
-1.8	-0.0101170391782399	-0.0195819475494936
-1.796	-0.0103819326859121	-0.0198656497780034
-1.792	-0.0106501061843828	-0.0201528173690381
-1.788	-0.0109216025671244	-0.0204434819048253
-1.784	-0.0111964645356033	-0.0207376750854946
-1.78	-0.0114747346089159	-0.0210354287266912
-1.776	-0.011756455132906	-0.0213367747571366
-1.772	-0.0120416682887829	-0.0216417452161363
-1.768	-0.012330416101252	-0.0219503722510337
-1.764	-0.0126227404461738	-0.02226268811461
-1.76	-0.0129186830577673	-0.0225787251624305
-1.756	-0.0132182855353669	-0.0228985158501358
-1.752	-0.0135215893497501	-0.0232220927306791
-1.748	-0.0138286358490471	-0.0235494884515084
-1.744	-0.0141394662642429	-0.0238807357516934
-1.74	-0.0144541217142879	-0.0242158674589971
-1.736	-0.0147726432108221	-0.0245549164868923
-1.732	-0.0150950716625306	-0.024897915831522
-1.728	-0.0154214478791358	-0.0252448985686039
-1.724	-0.0157518125750394	-0.0255958978502787
-1.72	-0.0160862063726223	-0.0259509469019027
-1.716	-0.0164246698052137	-0.0263100790187831
-1.712	-0.0167672433197375	-0.0266733275628574
-1.708	-0.017113967279044	-0.0270407259593155
-1.704	-0.0174648819639379	-0.0274123076931653
-1.7	-0.0178200275749088	-0.0277881063057416
-1.696	-0.0181794442335725	-0.0281681553911566
-1.692	-0.0185431719838333	-0.0285524885926951
-1.688	-0.0189112507927695	-0.0289411395991506
-1.684	-0.0192837205512564	-0.0293341421411052
-1.68	-0.0196606210743264	-0.0297315299871516
-1.676	-0.02004199210128	-0.0301333369400577
-1.672	-0.0204278732955492	-0.0305395968328735
-1.668	-0.0208183042443206	-0.0309503435249811
-1.664	-0.0212133244579279	-0.0313656108980861
-1.66	-0.0216129733690147	-0.0317854328521523
-1.656	-0.0220172903314767	-0.0322098433012785
-1.652	-0.0224263146191884	-0.0326388761695178
-1.648	-0.022840085424519	-0.0330725653866393
-1.644	-0.0232586418566428	-0.0335109448838326
-1.64	-0.0236820229396511	-0.0339540485893547
-1.636	-0.0241102676104677	-0.03440191042412
-1.632	-0.0245434147165746	-0.0348545642972322
-1.628	-0.0249815030135541	-0.0353120441014602
-1.624	-0.0254245711624469	-0.0357743837086564
-1.62	-0.0258726577269381	-0.0362416169651183
-1.616	-0.0263258011703674	-0.0367137776868931
-1.612	-0.0267840398525741	-0.0371908996550266
-1.608	-0.0272474120265787	-0.0376730166107547
-1.604	-0.0277159558351031	-0.0381601622506397
-1.6	-0.0281897093069373	-0.0386523702216499
-1.596	-0.0286687103531539	-0.039149674116184
-1.592	-0.0291529967631738	-0.0396521074670398
-1.588	-0.0296426062006895	-0.0401597037423277
-1.584	-0.0301375761994455	-0.0406724963403295
-1.58	-0.0306379441588837	-0.0411905185843019
-1.576	-0.0311437473396532	-0.0417138037172266
-1.572	-0.0316550228589916	-0.0422423848965055
-1.568	-0.0321718076859775	-0.0427762951886025
-1.564	-0.0326941386366607	-0.0433155675636325
-1.56	-0.03322205236907	-0.0438602348898963
-1.556	-0.033755585378105	-0.044410329928364
-1.552	-0.0342947739903126	-0.0449658853271058
-1.548	-0.0348396543585516	-0.0455269336156707
-1.544	-0.0353902624565498	-0.0460935071994144
-1.54	-0.0359466340733535	-0.0466656383537763
-1.536	-0.0365088048076759	-0.0472433592185055
-1.532	-0.0370768100621446	-0.0478267017918376
-1.528	-0.0376506850374512	-0.0484156979246218
-1.524	-0.0382304647264067	-0.049010379314399
-1.52	-0.0388161839079052	-0.0496107774994317
-1.516	-0.0394078771407973	-0.0502169238526863
-1.512	-0.0400055787576776	-0.0508288495757675
-1.508	-0.0406093228585866	-0.0514465856928074
-1.504	-0.0412191433046329	-0.0520701630443066
-1.5	-0.0418350737115334	-0.0526996122809322
-1.496	-0.0424571474430798	-0.0533349638572693
-1.492	-0.0430853976045277	-0.0539762480255292
-1.488	-0.043719857035916	-0.0546234948292143
-1.484	-0.0443605583053156	-0.0552767340967398
-1.48	-0.0450075337020113	-0.0559359954350142
-1.476	-0.0456608152296177	-0.0566013082229775
-1.472	-0.0463204345991353	-0.0572727016051004
-1.468	-0.0469864232219424	-0.057950204484842
-1.464	-0.047658812202733	-0.0586338455180705
-1.46	-0.0483376323323957	-0.0593236531064441
-1.456	-0.0490229140808411	-0.0600196553907558
-1.452	-0.0497146875897775	-0.0607218802442412
-1.448	-0.050412982665437	-0.061430355265851
-1.444	-0.051117828771255	-0.0621451077734886
-1.44	-0.0518292550205063	-0.062866164797214
-1.436	-0.052547290168896	-0.0635935530724153
-1.432	-0.0532719626071136	-0.0643272990329471
-1.428	-0.0540033003533453	-0.0650674288042395
-1.424	-0.0547413310457535	-0.0658139681963755
-1.42	-0.0554860819349203	-0.066566942697141
-1.416	-0.0562375798762604	-0.0673263774650453
-1.412	-0.056995851322404	-0.0680922973223154
-1.408	-0.0577609223155517	-0.068864726747865
-1.404	-0.0585328184798052	-0.0696436898702367
-1.4	-0.059311565013474	-0.0704292104605226
-1.396	-0.0600971866813608	-0.071221311925261
-1.392	-0.060889707807028	-0.0720200172993115
-1.388	-0.0616891522650478	-0.0728253492387102
-1.384	-0.0624955434732358	-0.0736373300135052
-1.38	-0.0633089043848738	-0.074455981500574
-1.376	-0.0641292574809206	-0.0752813251764244
-1.372	-0.0649566247622141	-0.076113382109979
-1.368	-0.0657910277416675	-0.0769521729553456
-1.364	-0.0666324874364602	-0.0777977179445742
-1.36	-0.0674810243602273	-0.078650036880402
-1.356	-0.0683366585152472	-0.0795091491289876
-1.352	-0.0691994093846323	-0.0803750736126357
-1.348	-0.0700692959245227	-0.0812478288025135
-1.344	-0.0709463365562859	-0.0821274327113608
-1.34	-0.0718305491587243	-0.0830139028861935
-1.336	-0.0727219510602926	-0.0839072564010041
-1.332	-0.0736205590313269	-0.0848075098494585
-1.328	-0.0745263892762891	-0.0857146793375918
-1.324	-0.0754394574260255	-0.086628780476504
-1.32	-0.0763597785300445	-0.0875498283750568
-1.316	-0.0772873670488153	-0.0884778376325735
-1.312	-0.0782222368460874	-0.0894128223315429
-1.308	-0.0791644011812345	-0.0903547960303293
-1.304	-0.0801138727016263	-0.0913037717558886
-1.3	-0.0810706634350278	-0.0922597619964948
-1.296	-0.0820347847820269	-0.0932227786944745
-1.292	-0.0830062475084992	-0.0941928332389547
-1.288	-0.0839850617381027	-0.0951699364586231
-1.284	-0.0849712369448112	-0.0961540986145029
-1.28	-0.0859647819454872	-0.0971453293927442
-1.276	-0.0869657048924929	-0.0981436378974331
-1.272	-0.0879740132663467	-0.09914903264342
-1.268	-0.0889897138684211	-0.100161521549169
-1.264	-0.0900128128136918	-0.101181111929629
-1.26	-0.0910433155235302	-0.102207810489132
-1.256	-0.0920812267185519	-0.103241623314313
-1.252	-0.0931265504115139	-0.104282555867058
-1.248	-0.0941792899002693	-0.105330612977486
-1.244	-0.0952394477607776	-0.106385798836955
-1.24	-0.0963070258401736	-0.107448116991103
-1.236	-0.0973820252498979	-0.108517570332926
-1.232	-0.09846444635889	-0.109594161095886
-1.228	-0.099554288786846	-0.11067789084706
-1.224	-0.100651551397543	-0.111768760480331
-1.22	-0.101756232292233	-0.112866770209609
-1.216	-0.102868328803105	-0.113971919562107
-1.212	-0.103987837486827	-0.115084207371656
-1.208	-0.10511475411815	-0.116203631772063
-1.204	-0.106249073683601	-0.117330190190519
-1.2	-0.107390790375251	-0.118463879341061
-1.196	-0.108539897584555	-0.119604695218076
-1.192	-0.109696387896291	-0.120752633089867
-1.188	-0.110860253082564	-0.121907687492264
-1.184	-0.112031484096915	-0.123069852222303
-1.18	-0.113210071068501	-0.124239120331952
-1.176	-0.114396003296379	-0.125415484121905
-1.172	-0.115589269243873	-0.126598935135433
-1.168	-0.116789856533038	-0.127789464152298
-1.164	-0.117997751939219	-0.128987061182738
-1.16	-0.119212941385707	-0.130191715461515
-1.156	-0.120435409938499	-0.131403415442027
-1.152	-0.121665141801145	-0.132622148790501
-1.148	-0.122902120309718	-0.13384790238025
-1.144	-0.124146327927871	-0.135080662286008
-1.14	-0.125397746242012	-0.136320413778339
-1.136	-0.126656355956577	-0.137567141318126
-1.132	-0.127922136889424	-0.138820828551136
-1.128	-0.129195067967327	-0.14008145830267
-1.124	-0.130475127221595	-0.141349012572294
-1.12	-0.131762291783794	-0.142623472528653
-1.116	-0.133056537881596	-0.143904818504377
-1.112	-0.134357840834738	-0.145193029991069
-1.108	-0.135666175051106	-0.146488085634387
-1.104	-0.136981514022938	-0.147789963229219
-1.1	-0.138303830323153	-0.149098639714944
-1.096	-0.1396330956018	-0.150414091170799
-1.092	-0.140969280582635	-0.151736292811337
-1.088	-0.142312355059829	-0.153065218981982
-1.084	-0.143662287894798	-0.154400843154688
-1.08	-0.145019047013173	-0.155743137923704
-1.076	-0.146382599401892	-0.15709207500143
-1.072	-0.147752911106434	-0.158447625214396
-1.068	-0.149129947228183	-0.159809758499334
-1.064	-0.150513671921927	-0.161178443899365
-1.06	-0.151904048393504	-0.162553649560298
-1.056	-0.153301038897574	-0.163935342727041
-1.052	-0.154704604735539	-0.16532348974012
-1.048	-0.156114706253607	-0.166718056032324
-1.044	-0.157531302840991	-0.168119006125459
-1.04	-0.158954352928256	-0.169526303627221
-1.036	-0.160383813985815	-0.170939911228201
-1.032	-0.161819642522566	-0.172359790698994
-1.028	-0.163261794084678	-0.173785902887446
-1.024	-0.164710223254529	-0.175218207716023
-1.02	-0.166164883649787	-0.176656664179301
-1.016	-0.167625727922652	-0.178101230341593
-1.012	-0.169092707759239	-0.179551863334699
-1.008	-0.170565773879122	-0.181008519355792
-1.004	-0.172044876035027	-0.182471153665432
-0.999999999999999	-0.173529963012687	-0.183939720585722
-0.995999999999999	-0.175020982630843	-0.185414173498589
-0.991999999999999	-0.176517881741406	-0.186894464844216
-0.987999999999999	-0.178020606229783	-0.188380546119596
-0.983999999999999	-0.179529101015349	-0.189872367877244
-0.979999999999999	-0.181043310052092	-0.191369879724035
-0.975999999999999	-0.182563176329402	-0.192873030320192
-0.971999999999999	-0.184088641873037	-0.194381767378419
-0.967999999999999	-0.18561964774624	-0.195896037663178
-0.963999999999999	-0.18715613405102	-0.197415786990109
-0.959999999999999	-0.188698039929599	-0.198940960225603
-0.955999999999999	-0.190245303566017	-0.200471501286522
-0.951999999999999	-0.191797862187907	-0.20200735314007
-0.947999999999999	-0.193355652068427	-0.203548457803813
-0.943999999999999	-0.194918608528365	-0.205094756345857
-0.939999999999999	-0.196486665938404	-0.206646188885172
-0.935999999999999	-0.198059757721553	-0.208202694592081
-0.931999999999999	-0.199637816355744	-0.209764211688893
-0.927999999999999	-0.201220773376602	-0.211330677450706
-0.923999999999999	-0.202808559380371	-0.212902028206356
-0.919999999999999	-0.204401104027015	-0.214478199339537
-0.915999999999999	-0.205998336043484	-0.216059125290067
-0.911999999999999	-0.207600183227147	-0.217644739555331
-0.907999999999999	-0.209206572449393	-0.21923497469187
-0.903999999999999	-0.210817429659404	-0.220829762317148
-0.899999999999999	-0.212432679888087	-0.222429033111471
-0.895999999999999	-0.21405224725218	-0.224032716820074
-0.891999999999999	-0.215676054958531	-0.225640742255377
-0.887999999999999	-0.217304025308532	-0.227253037299404
-0.883999999999999	-0.218936079702737	-0.228869528906366
-0.879999999999999	-0.220572138645629	-0.230490143105417
-0.875999999999999	-0.222212121750579	-0.232114805003577
-0.871999999999999	-0.223855947744947	-0.233743438788818
-0.867999999999999	-0.225503534475371	-0.235375967733327
-0.863999999999999	-0.227154798913211	-0.237012314196937
-0.859999999999999	-0.228809657160167	-0.238652399630723
-0.855999999999999	-0.230468024454063	-0.240296144580778
-0.851999999999999	-0.232129815174789	-0.241943468692151
-0.847999999999999	-0.233794942850424	-0.243594290712965
-0.843999999999999	-0.235463320163511	-0.245248528498705
-0.839999999999999	-0.237134858957506	-0.246906099016674
-0.835999999999999	-0.238809470243387	-0.248566918350624
-0.831999999999999	-0.240487064206433	-0.250230901705571
-0.827999999999999	-0.242167550213156	-0.251897963412761
-0.823999999999999	-0.24385083681841	-0.253568016934834
-0.819999999999999	-0.245536831772653	-0.255240974871145
-0.815999999999999	-0.247225442029374	-0.256916748963265
-0.811999999999999	-0.248916573752679	-0.258595250100658
-0.807999999999999	-0.250610132325043	-0.260276388326528
-0.803999999999999	-0.252306022355217	-0.26196007284384
-0.799999999999999	-0.254004147686293	-0.263646212021525
-0.795999999999999	-0.255704411403934	-0.26533471340084
-0.791999999999999	-0.257406715844751	-0.267025483701922
-0.787999999999999	-0.259110962604848	-0.268718428830504
-0.783999999999999	-0.260817052548514	-0.270413453884806
-0.779999999999999	-0.26252488581707	-0.272110463162604
-0.775999999999999	-0.264234361837876	-0.273809360168466
-0.771999999999999	-0.265945379333485	-0.275510047621168
-0.767999999999999	-0.267657836330945	-0.277212427461273
-0.763999999999999	-0.269371630171265	-0.278916400858894
-0.759999999999999	-0.27108665751901	-0.280621868221618
-0.755999999999999	-0.272802814372066	-0.282328729202607
-0.751999999999999	-0.274519996071535	-0.284036882708868
-0.747999999999999	-0.276238097311783	-0.285746226909694
-0.743999999999999	-0.277957012150628	-0.287456659245274
-0.739999999999999	-0.279676634019682	-0.289168076435473
-0.735999999999999	-0.28139685573482	-0.290880374488775
-0.731999999999999	-0.283117569506796	-0.292593448711406
-0.727999999999999	-0.284838666952005	-0.294307193716606
-0.723999999999999	-0.286560039103368	-0.296021503434087
-0.719999999999999	-0.288281576421366	-0.297736271119635
-0.715999999999999	-0.290003168805203	-0.299451389364898
-0.711999999999999	-0.291724705604102	-0.301166750107319
-0.707999999999999	-0.293446075628735	-0.30288224464024
-0.703999999999999	-0.295167167162779	-0.304597763623171
-0.699999999999999	-0.296887867974606	-0.306313197092209
-0.695999999999999	-0.2986080653291	-0.308028434470625
-0.691999999999999	-0.300327645999587	-0.309743364579606
-0.687999999999999	-0.30204649627991	-0.311457875649153
-0.683999999999999	-0.303764501996606	-0.313171855329136
-0.679999999999999	-0.305481548521214	-0.314885190700502
-0.675999999999999	-0.307197520782698	-0.31659776828664
-0.671999999999999	-0.308912303279989	-0.318309474064892
-0.667999999999999	-0.31062578009464	-0.320020193478219
-0.663999999999999	-0.312337834903593	-0.321729811447015
-0.659999999999999	-0.314048350992061	-0.323438212381065
-0.655999999999999	-0.315757211266515	-0.325145280191658
-0.651999999999999	-0.317464298267785	-0.32685089830383
-0.647999999999999	-0.319169494184254	-0.328554949668764
-0.643999999999999	-0.320872680865175	-0.330257316776327
-0.639999999999999	-0.32257373983407	-0.331957881667737
-0.635999999999999	-0.32427255230224	-0.333656525948386
-0.631999999999999	-0.325968999182375	-0.335353130800781
-0.627999999999999	-0.327662961102247	-0.337047576997631
-0.623999999999999	-0.329354318418512	-0.338739744915062
-0.619999999999999	-0.331042951230593	-0.340429514545963
-0.615999999999999	-0.332728739394658	-0.342116765513462
-0.611999999999999	-0.334411562537681	-0.343801377084528
-0.607999999999999	-0.336091300071594	-0.345483228183694
-0.603999999999999	-0.337767831207519	-0.347162197406912
-0.599999999999999	-0.339441034970082	-0.348838163035516
-0.595999999999999	-0.341110790211806	-0.350511003050318
-0.591999999999999	-0.342776975627578	-0.352180595145809
-0.587999999999999	-0.344439469260304	-0.353846816744475
-0.583999999999999	-0.346098145529417	-0.355509545011235
-0.579999999999999	-0.347752883385367	-0.357168656867979
-0.575999999999999	-0.349403561000626	-0.358824029008215
-0.571999999999999	-0.351050056446894	-0.360475537911824
-0.567999999999999	-0.352692247709935	-0.362123059859919
-0.563999999999999	-0.354330012704443	-0.363766470949798
-0.559999999999999	-0.355963229288957	-0.365405647110002
-0.555999999999999	-0.357591775280819	-0.367040464115468
-0.551999999999999	-0.359215528471158	-0.368670797602768
-0.547999999999999	-0.360834366639921	-0.370296523085446
-0.543999999999999	-0.362448167570929	-0.371917515969442
-0.539999999999999	-0.364056809066968	-0.373533651568598
-0.535999999999999	-0.365660168964901	-0.375144805120254
-0.531999999999999	-0.367258125150817	-0.376750851800911
-0.527999999999999	-0.368850555575189	-0.378351666741988
-0.523999999999999	-0.370437338268067	-0.379947125045643
-0.519999999999999	-0.372018351354277	-0.381537101800669
-0.515999999999999	-0.373593473068646	-0.383121472098457
-0.511999999999999	-0.375162581771238	-0.384700111049035
-0.507999999999999	-0.376725555962592	-0.386272893797158
-0.503999999999999	-0.378282274298987	-0.387839695538466
-0.499999999999999	-0.379832615607696	-0.389400391535703
-0.495999999999999	-0.381376458902254	-0.390954857134983
-0.491999999999999	-0.382913683397726	-0.392502967782114
-0.487999999999999	-0.38444416852597	-0.394044599038974
-0.483999999999999	-0.385967793950906	-0.395579626599923
-0.479999999999999	-0.387484439583767	-0.397107926308274
-0.475999999999999	-0.388993985598351	-0.398629374172786
-0.471999999999999	-0.390496312446262	-0.400143846384213
-0.467999999999999	-0.391991300872135	-0.401651219331873
-0.463999999999999	-0.393478831928842	-0.403151369620258
-0.459999999999999	-0.394958786992694	-0.404644174085667
-0.455999999999999	-0.396431047778605	-0.406129509812863
-0.451999999999999	-0.397895496355248	-0.40760725415176
-0.447999999999999	-0.399352015160176	-0.409077284734122
-0.443999999999999	-0.400800487014923	-0.410539479490278
-0.439999999999999	-0.402240795140069	-0.411993716665852
-0.435999999999999	-0.403672823170277	-0.413439874838505
-0.431999999999999	-0.405096455169293	-0.414877832934677
-0.427999999999999	-0.406511575644908	-0.416307470246336
-0.423999999999999	-0.407918069563885	-0.417728666447726
-0.419999999999999	-0.409315822366837	-0.419141301612117
-0.415999999999999	-0.410704719983067	-0.420545256228536
-0.411999999999999	-0.412084648845359	-0.421940411218501
-0.407999999999999	-0.413455495904719	-0.423326647952734
-0.403999999999999	-0.414817148645062	-0.424703848267865
-0.399999999999999	-0.416169495097855	-0.426071894483106
-0.395999999999999	-0.417512423856691	-0.427430669416913
-0.391999999999999	-0.418845824091811	-0.428780056403615
-0.387999999999999	-0.42016958556457	-0.430119939310015
-0.383999999999999	-0.421483598641827	-0.431450202551963
-0.379999999999999	-0.42278775431028	-0.432770731110883
-0.375999999999999	-0.424081944190732	-0.434081410550275
-0.371999999999999	-0.425366060552279	-0.435382127032157
-0.367999999999999	-0.426639996326436	-0.436672767333478
-0.363999999999999	-0.427903645121183	-0.437953218862474
-0.359999999999999	-0.42915690123493	-0.439223369674966
-0.355999999999999	-0.430399659670413	-0.440483108490616
-0.351999999999999	-0.431631816148498	-0.441732324709111
-0.347999999999999	-0.43285326712191	-0.442970908426292
-0.343999999999999	-0.434063909788867	-0.444198750450218
-0.339999999999999	-0.435263642106635	-0.445415742317155
-0.335999999999999	-0.436452362804988	-0.446621776307497
-0.331999999999999	-0.437629971399575	-0.447816745461616
-0.327999999999999	-0.438796368205192	-0.449000543595621
-0.323999999999999	-0.439951454348962	-0.450173065317052
-0.319999999999999	-0.441095131783413	-0.451334206040471
-0.315999999999999	-0.442227303299452	-0.452483862002981
-0.311999999999999	-0.443347872539241	-0.45362193027964
-0.307999999999999	-0.444456744008965	-0.454748308798791
-0.303999999999998	-0.445553823091494	-0.455862896357286
-0.299999999999998	-0.446639016058937	-0.456965592635614
-0.295999999999998	-0.447712230085082	-0.458056298212925
-0.291999999999998	-0.448773373257722	-0.459134914581938
-0.287999999999998	-0.449822354590873	-0.460201344163754
-0.283999999999998	-0.450859084036866	-0.46125549032254
-0.279999999999998	-0.451883472498326	-0.462297257380106
-0.275999999999998	-0.452895431840029	-0.463326550630358
-0.271999999999998	-0.45389487490063	-0.46434327635363
-0.267999999999998	-0.45488171550428	-0.465347341830889
-0.263999999999998	-0.4558558684721	-0.46633865535781
-0.259999999999998	-0.456817249633539	-0.467317126258725
-0.255999999999998	-0.457765775837599	-0.468282664900427
-0.251999999999998	-0.458701364963921	-0.469235182705848
-0.247999999999998	-0.459623935933748	-0.470174592167585
-0.243999999999998	-0.460533408720747	-0.471100806861291
-0.239999999999998	-0.461429704361692	-0.472013741458918
-0.235999999999998	-0.462312744967012	-0.472913311741804
-0.231999999999998	-0.463182453731196	-0.473799434613616
-0.227999999999998	-0.464038754943061	-0.474672028113137
-0.223999999999998	-0.464881573995864	-0.47553101142689
-0.219999999999998	-0.465710837397287	-0.476376304901606
-0.215999999999998	-0.466526472779256	-0.47720783005653
-0.211999999999998	-0.467328408907626	-0.478025509595558
-0.207999999999998	-0.468116575691707	-0.478829267419206
-0.203999999999998	-0.468890904193646	-0.479619028636413
-0.199999999999998	-0.469651326637649	-0.480394719576162
-0.195999999999998	-0.470397776419049	-0.481156267798932
-0.191999999999998	-0.471130188113228	-0.481903602107971
-0.187999999999998	-0.47184849748437	-0.482636652560383
-0.183999999999998	-0.472552641494059	-0.483355350478035
-0.179999999999998	-0.47324255830972	-0.484059628458282
-0.175999999999998	-0.4739181873129	-0.484749420384496
-0.171999999999998	-0.474579469107376	-0.485424661436411
-0.167999999999998	-0.475226345527114	-0.486085288100271
-0.163999999999998	-0.475858759644051	-0.486731238178788
-0.159999999999998	-0.476476655775717	-0.487362450800897
-0.155999999999998	-0.477079979492688	-0.487978866431318
-0.151999999999998	-0.477668677625872	-0.488580426879909
-0.147999999999998	-0.47824269827362	-0.489167075310825
-0.143999999999998	-0.478801990808674	-0.489738756251466
-0.139999999999998	-0.479346505884939	-0.490295415601214
-0.135999999999998	-0.479876195444079	-0.490837000639972
-0.131999999999998	-0.480391012721945	-0.491363460036478
-0.127999999999998	-0.480890912254827	-0.491874743856418
-0.123999999999998	-0.481375849885527	-0.492370803570319
-0.119999999999998	-0.481845782769256	-0.492851592061222
-0.115999999999998	-0.482300669379358	-0.493317063632142
-0.111999999999998	-0.482740469512849	-0.493767174013311
-0.107999999999998	-0.483165144295782	-0.494201880369186
-0.103999999999998	-0.483574656188426	-0.494621141305252
-0.0999999999999983	-0.483968968990273	-0.495024916874584
-0.0959999999999983	-0.484348047844851	-0.495413168584197
-0.0919999999999983	-0.484711859244369	-0.495785859401157
-0.0879999999999983	-0.485060371034166	-0.496142953758468
-0.0839999999999983	-0.485393552416982	-0.496484417560732
-0.0799999999999983	-0.485711373957048	-0.496810218189575
-0.0759999999999983	-0.486013807583983	-0.497120324508834
-0.0719999999999983	-0.48630082659651	-0.497414706869525
-0.0679999999999983	-0.48657240566599	-0.497693337114559
-0.0639999999999983	-0.486828520839758	-0.497956188583236
-0.0599999999999983	-0.487069149544283	-0.498203236115497
-0.0559999999999983	-0.487294270588137	-0.498434456055932
-0.0519999999999983	-0.487503864164769	-0.498649826257562
-0.0479999999999983	-0.487697911855103	-0.498849326085371
-0.0439999999999983	-0.487876396629939	-0.4990329364196
-0.0399999999999983	-0.488039302852162	-0.499200639658803
-0.0359999999999983	-0.488186616278775	-0.49935241972266
-0.0319999999999983	-0.488318324062722	-0.499488262054545
-0.0279999999999983	-0.488434414754545	-0.49960815362385
-0.0239999999999983	-0.488534878303825	-0.499712082928077
-0.0199999999999983	-0.488619706060458	-0.499800039994667
-0.0159999999999983	-0.488688890775719	-0.499872016382602
-0.0119999999999983	-0.488742426603149	-0.499928005183751
-0.00799999999999825	-0.488780309099247	-0.499968001023978
-0.00399999999999825	-0.488802535223967	-0.499992000064
1.74860126378462E-15	-0.488809103341032	-0.5
0.00400000000000175	-0.488800013218051	-0.499992000064
0.00800000000000175	-0.488775266026447	-0.499968001023978
0.0120000000000017	-0.488734864341195	-0.499928005183751
0.0160000000000017	-0.488678812140366	-0.499872016382602
0.0200000000000017	-0.488607114804489	-0.499800039994667
0.0240000000000017	-0.488519779115707	-0.499712082928077
0.0280000000000017	-0.488416813256759	-0.49960815362385
0.0320000000000017	-0.488298226809762	-0.499488262054544
0.0360000000000018	-0.488164030754806	-0.49935241972266
0.0400000000000018	-0.488014237468358	-0.499200639658803
0.0440000000000018	-0.48784886072148	-0.4990329364196
0.0480000000000018	-0.487667915677852	-0.498849326085371
0.0520000000000018	-0.487471418891613	-0.498649826257562
0.0560000000000018	-0.487259388305009	-0.498434456055932
0.0600000000000018	-0.487031843245854	-0.498203236115497
0.0640000000000018	-0.486788804424802	-0.497956188583236
0.0680000000000018	-0.48653029393244	-0.497693337114558
0.0720000000000018	-0.486256335236179	-0.497414706869524
0.0760000000000018	-0.485966953176977	-0.497120324508834
0.0800000000000018	-0.485662173965861	-0.496810218189574
0.0840000000000018	-0.485342025180272	-0.496484417560732
0.0880000000000018	-0.485006535760228	-0.496142953758467
0.0920000000000018	-0.484655736004295	-0.495785859401156
0.0960000000000018	-0.484289657565379	-0.495413168584197
0.100000000000002	-0.483908333446339	-0.495024916874584
0.104000000000002	-0.483511797995416	-0.494621141305251
0.108000000000002	-0.483100086901476	-0.494201880369186
0.112000000000002	-0.48267323718908	-0.49376717401331
0.116000000000002	-0.482231287213375	-0.493317063632142
0.120000000000002	-0.481774276654797	-0.492851592061221
0.124000000000002	-0.481302246513607	-0.492370803570319
0.128000000000002	-0.480815239104247	-0.491874743856418
0.132000000000002	-0.480313298049516	-0.491363460036477
0.136000000000002	-0.479796468274576	-0.490837000639971
0.140000000000002	-0.479264796000785	-0.490295415601214
0.144000000000002	-0.478718328739349	-0.489738756251466
0.148000000000002	-0.478157115284812	-0.489167075310825
0.152000000000002	-0.477581205708371	-0.488580426879908
0.156000000000002	-0.476990651351017	-0.487978866431317
0.160000000000002	-0.476385504816515	-0.487362450800897
0.164000000000002	-0.475765819964213	-0.486731238178787
0.168000000000002	-0.475131651901681	-0.48608528810027
0.172000000000002	-0.474483056977191	-0.48542466143641
0.176000000000002	-0.47382009277203	-0.484749420384495
0.180000000000002	-0.473142818092649	-0.484059628458281
0.184000000000002	-0.472451292962655	-0.483355350478034
0.188000000000002	-0.471745578614635	-0.482636652560382
0.192000000000002	-0.471025737481829	-0.481903602107971
0.196000000000002	-0.470291833189643	-0.481156267798932
0.200000000000002	-0.469543930547003	-0.480394719576161
0.204000000000002	-0.468782095537557	-0.479619028636412
0.208000000000002	-0.468006395310721	-0.478829267419206
0.212000000000002	-0.467216898172579	-0.478025509595557
0.216000000000002	-0.466413673576624	-0.477207830056529
0.220000000000002	-0.465596792114356	-0.476376304901605
0.224000000000002	-0.464766325505733	-0.475531011426889
0.228000000000002	-0.463922346589467	-0.474672028113136
0.232000000000002	-0.46306492931319	-0.473799434613616
0.236000000000002	-0.462194148723465	-0.472913311741803
0.240000000000002	-0.461310080955659	-0.472013741458917
0.244000000000002	-0.460412803223682	-0.471100806861291
0.248000000000002	-0.459502393809578	-0.470174592167584
0.252000000000002	-0.458578932052988	-0.469235182705847
0.256000000000002	-0.457642498340476	-0.468282664900426
0.260000000000002	-0.456693174094719	-0.467317126258724
0.264000000000002	-0.455731041763568	-0.466338655357809
0.268000000000002	-0.454756184808982	-0.465347341830888
0.272000000000002	-0.45376868769583	-0.464343276353629
0.276000000000002	-0.45276863588057	-0.463326550630357
0.280000000000002	-0.4517561157998	-0.462297257380105
0.284000000000002	-0.450731214858694	-0.461255490322539
0.288000000000002	-0.449694021419308	-0.460201344163753
0.292000000000002	-0.448644624788777	-0.459134914581937
0.296000000000002	-0.447583115207388	-0.458056298212924
0.300000000000002	-0.446509583836541	-0.456965592635614
0.304000000000002	-0.445424122746598	-0.455862896357285
0.308000000000002	-0.444326824904621	-0.45474830879879
0.312000000000002	-0.443217784161998	-0.453621930279639
0.316000000000002	-0.442097095241965	-0.45248386200298
0.320000000000002	-0.440964853727023	-0.45133420604047
0.324000000000002	-0.439821156046252	-0.450173065317051
0.328000000000002	-0.438666099462519	-0.44900054359562
0.332000000000002	-0.437499782059598	-0.447816745461615
0.336000000000002	-0.436322302729181	-0.446621776307496
0.340000000000002	-0.435133761157803	-0.445415742317154
0.344000000000002	-0.433934257813668	-0.444198750450217
0.348000000000002	-0.432723893933391	-0.442970908426291
0.352000000000002	-0.431502771508647	-0.441732324709109
0.356000000000002	-0.430270993272734	-0.440483108490615
0.360000000000002	-0.42902866268705	-0.439223369674965
0.364000000000002	-0.427775883927497	-0.437953218862473
0.368000000000002	-0.426512761870793	-0.436672767333477
0.372000000000002	-0.425239402080713	-0.435382127032156
0.376000000000002	-0.423955910794257	-0.434081410550273
0.380000000000002	-0.422662394907735	-0.432770731110882
0.384000000000002	-0.421358961962795	-0.431450202551962
0.388000000000002	-0.420045720132365	-0.430119939310014
0.392000000000002	-0.418722778206547	-0.428780056403614
0.396000000000002	-0.417390245578431	-0.427430669416912
0.400000000000002	-0.416048232229857	-0.426071894483105
0.404000000000002	-0.41469684871711	-0.424703848267864
0.408000000000002	-0.413336206156565	-0.423326647952733
0.412000000000002	-0.41196641621027	-0.421940411218499
0.416000000000002	-0.410587591071478	-0.420545256228535
0.420000000000002	-0.409199843450133	-0.419141301612116
0.424000000000002	-0.4078032865583	-0.417728666447725
0.428000000000002	-0.406398034095554	-0.416307470246334
0.432000000000002	-0.404984200234325	-0.414877832934676
0.436000000000002	-0.403561899605199	-0.413439874838504
0.440000000000002	-0.402131247282181	-0.411993716665851
0.444000000000002	-0.400692358767924	-0.410539479490276
0.448000000000002	-0.399245349978919	-0.409077284734121
0.452000000000002	-0.397790337230658	-0.407607254151759
0.456000000000002	-0.396327437222762	-0.406129509812861
0.460000000000002	-0.394856767024085	-0.404644174085665
0.464000000000002	-0.393378444057792	-0.403151369620257
0.468000000000002	-0.391892586086417	-0.401651219331872
0.472000000000002	-0.390399311196892	-0.400143846384212
0.476000000000002	-0.388898737785573	-0.398629374172785
0.480000000000002	-0.387390984543232	-0.397107926308273
0.484000000000002	-0.385876170440053	-0.395579626599922
0.488000000000002	-0.384354414710606	-0.394044599038972
0.492000000000002	-0.382825836838817	-0.392502967782113
0.496000000000002	-0.381290556542927	-0.390954857134981
0.500000000000002	-0.379748693760458	-0.389400391535702
0.504000000000002	-0.378200368633164	-0.387839695538465
0.508000000000002	-0.376645701491991	-0.386272893797156
0.512000000000002	-0.375084812842039	-0.384700111049034
0.516000000000002	-0.373517823347528	-0.383121472098456
0.520000000000002	-0.371944853816773	-0.381537101800667
0.524000000000002	-0.37036602518717	-0.379947125045642
0.528000000000002	-0.368781458510189	-0.378351666741987
0.532000000000002	-0.367191274936391	-0.376750851800909
0.536000000000002	-0.365595595700454	-0.375144805120252
0.540000000000002	-0.363994542106224	-0.373533651568597
0.544000000000002	-0.362388235511781	-0.37191751596944
0.548000000000002	-0.360776797314539	-0.370296523085444
0.552000000000002	-0.35916034893636	-0.368670797602767
0.556000000000002	-0.357539011808707	-0.367040464115467
0.560000000000002	-0.355912907357823	-0.365405647110001
0.564000000000002	-0.354282156989943	-0.363766470949796
0.568000000000002	-0.352646882076541	-0.362123059859917
0.572000000000002	-0.351007203939618	-0.360475537911823
0.576000000000002	-0.349363243837023	-0.358824029008213
0.580000000000002	-0.347715122947823	-0.357168656867978
0.584000000000002	-0.346062962357712	-0.355509545011234
0.588000000000002	-0.344406883044472	-0.353846816744473
0.592000000000002	-0.34274700518584	-0.352180595145807
0.596000000000002	-0.341083453433832	-0.350511003050317
0.600000000000002	-0.339416348923571	-0.348838163035515
0.604000000000002	-0.337745812083899	-0.34716219740691
0.608000000000002	-0.336071963180031	-0.345483228183693
0.612000000000002	-0.334394922299376	-0.343801377084527
0.616000000000002	-0.332714809337439	-0.342116765513461
0.620000000000002	-0.331031743983806	-0.340429514545961
0.624000000000002	-0.329345845708205	-0.33873974491506
0.628000000000002	-0.327657233746653	-0.337047576997629
0.632000000000002	-0.325966027087692	-0.335353130800779
0.636000000000002	-0.324272344458709	-0.333656525948385
0.640000000000002	-0.322576304312346	-0.331957881667736
0.644000000000002	-0.320878024813008	-0.330257316776325
0.648000000000002	-0.319177623823454	-0.328554949668763
0.652000000000002	-0.317475218891496	-0.326850898303828
0.656000000000002	-0.315770927236783	-0.325145280191656
0.660000000000002	-0.314064865737697	-0.323438212381064
0.664000000000002	-0.312357150918341	-0.321729811447013
0.668000000000002	-0.310647898935636	-0.320020193478217
0.672000000000002	-0.308937225566517	-0.31830947406489
0.676000000000002	-0.307225246195245	-0.316597768286638
0.680000000000002	-0.305512075800817	-0.314885190700501
0.684000000000002	-0.303797828944497	-0.313171855329134
0.688000000000002	-0.30208261975745	-0.311457875649152
0.692000000000002	-0.300366561928494	-0.309743364579605
0.696000000000002	-0.298649768691972	-0.308028434470623
0.700000000000002	-0.296932352815729	-0.306313197092207
0.704000000000002	-0.295214426589224	-0.304597763623169
0.708000000000002	-0.293496101811747	-0.302882244640238
0.712000000000002	-0.29177748978077	-0.301166750107317
0.716000000000002	-0.290058701280413	-0.299451389364897
0.720000000000002	-0.288339846570044	-0.297736271119634
0.724000000000002	-0.286621035372996	-0.296021503434085
0.728000000000002	-0.284902376865419	-0.294307193716605
0.732000000000002	-0.283183979665263	-0.292593448711404
0.736000000000002	-0.281465951821381	-0.290880374488774
0.740000000000002	-0.279748400802783	-0.289168076435471
0.744000000000002	-0.278031433488003	-0.287456659245273
0.748000000000002	-0.27631515615462	-0.285746226909692
0.752000000000002	-0.274599674468902	-0.284036882708866
0.756000000000002	-0.272885093475598	-0.282328729202605
0.760000000000002	-0.27117151758786	-0.280621868221616
0.764000000000002	-0.269459050577313	-0.278916400858893
0.768000000000002	-0.267747795564261	-0.277212427461272
0.772000000000002	-0.266037855008042	-0.275510047621166
0.776000000000002	-0.264329330697521	-0.273809360168465
0.780000000000002	-0.26262232374173	-0.272110463162603
0.784000000000002	-0.260916934560656	-0.270413453884805
0.788000000000002	-0.259213262876177	-0.268718428830503
0.792000000000002	-0.257511407703137	-0.267025483701921
0.796000000000002	-0.255811467340588	-0.265334713400838
0.800000000000002	-0.254113539363162	-0.263646212021523
0.804000000000002	-0.25241772061261	-0.261960072843839
0.808000000000002	-0.250724107189485	-0.260276388326526
0.812000000000002	-0.249032794444979	-0.258595250100657
0.816000000000002	-0.247343876972918	-0.256916748963264
0.820000000000002	-0.245657448601902	-0.255240974871144
0.824000000000002	-0.243973602387613	-0.253568016934833
0.828000000000002	-0.242292430605271	-0.25189796341276
0.832000000000002	-0.240614024742244	-0.250230901705569
0.836000000000002	-0.238938475490827	-0.248566918350623
0.840000000000002	-0.237265872741165	-0.246906099016672
0.844000000000002	-0.235596305574348	-0.245248528498704
0.848000000000002	-0.233929862255653	-0.243594290712964
0.852000000000002	-0.232266630227955	-0.241943468692149
0.856000000000002	-0.230606696105296	-0.240296144580776
0.860000000000002	-0.228950145666609	-0.238652399630722
0.864000000000002	-0.227297063849612	-0.237012314196936
0.868000000000002	-0.225647534744858	-0.235375967733326
0.872000000000002	-0.224001641589948	-0.233743438788816
0.876000000000002	-0.222359466763908	-0.232114805003575
0.880000000000002	-0.220721091781724	-0.230490143105416
0.884000000000002	-0.219086597289045	-0.228869528906364
0.888000000000002	-0.217456063057048	-0.227253037299402
0.892000000000002	-0.215829567977464	-0.225640742255376
0.896000000000002	-0.214207190057766	-0.224032716820073
0.900000000000002	-0.212589006416529	-0.22242903311147
0.904000000000002	-0.210975093278942	-0.220829762317147
0.908000000000002	-0.209365525972491	-0.219234974691869
0.912000000000002	-0.207760378922805	-0.217644739555329
0.916000000000002	-0.206159725649665	-0.216059125290066
0.920000000000002	-0.204563638763172	-0.214478199339536
0.924000000000002	-0.202972189960089	-0.212902028206355
0.928000000000002	-0.201385450020334	-0.211330677450704
0.932000000000002	-0.199803488803646	-0.209764211688892
0.936000000000003	-0.198226375246408	-0.20820269459208
0.940000000000003	-0.196654177358637	-0.206646188885171
0.944000000000003	-0.195086962221133	-0.205094756345856
0.948000000000003	-0.193524795982795	-0.203548457803812
0.952000000000003	-0.19196774385809	-0.202007353140068
0.956000000000003	-0.190415870124695	-0.200471501286521
0.960000000000003	-0.188869238121293	-0.198940960225601
0.964000000000003	-0.18732791024553	-0.197415786990107
0.968000000000003	-0.185791947952135	-0.195896037663177
0.972000000000003	-0.184261411751199	-0.194381767378418
0.976000000000003	-0.182736361206613	-0.19287303032019
0.980000000000003	-0.181216854934662	-0.191369879724034
0.984000000000003	-0.179702950602784	-0.189872367877243
0.988000000000003	-0.17819470492848	-0.188380546119595
0.992000000000003	-0.176692173678383	-0.186894464844214
0.996000000000003	-0.175195411667488	-0.185414173498588
1	-0.173704472758525	-0.18393972058572
1.004	-0.172219409861503	-0.182471153665431
1.008	-0.170740274933396	-0.181008519355791
1.012	-0.169267118977988	-0.179551863334698
1.016	-0.167799992045867	-0.178101230341592
1.02	-0.166338943234574	-0.1766566641793
1.024	-0.1648840206889	-0.175218207716022
1.028	-0.163435271601332	-0.173785902887445
1.032	-0.161992742212655	-0.172359790698992
1.036	-0.16055647781269	-0.1709399112282
1.04	-0.159126522741189	-0.16952630362722
1.044	-0.157702920388869	-0.168119006125457
1.048	-0.156285713198597	-0.166718056032323
1.052	-0.154874942666714	-0.165323489740119
1.056	-0.153470649344502	-0.16393534272704
1.06	-0.152072872839794	-0.162553649560297
1.064	-0.150681651818724	-0.161178443899364
1.068	-0.149297024007616	-0.159809758499333
1.072	-0.147919026195009	-0.158447625214395
1.076	-0.14654769423382	-0.157092075001429
1.08	-0.145183063043648	-0.155743137923703
1.084	-0.143825166613198	-0.154400843154687
1.088	-0.142474038002853	-0.153065218981981
1.092	-0.141129709347367	-0.151736292811336
1.096	-0.139792211858697	-0.150414091170798
1.1	-0.138461575828951	-0.149098639714943
1.104	-0.13713783063348	-0.147789963229218
1.108	-0.13582100473408	-0.146488085634386
1.112	-0.134511125682329	-0.145193029991068
1.116	-0.133208220123045	-0.143904818504376
1.12	-0.131912313797858	-0.142623472528652
1.124	-0.130623431548917	-0.141349012572293
1.128	-0.129341597322697	-0.140081458302669
1.132	-0.128066834173943	-0.138820828551135
1.136	-0.126799164269711	-0.137567141318125
1.14	-0.125538608893537	-0.136320413778338
1.144	-0.12428518844971	-0.135080662286006
1.148	-0.123038922467657	-0.133847902380249
1.152	-0.121799829606442	-0.1326221487905
1.156	-0.120567927659368	-0.131403415442026
1.16	-0.119343233558683	-0.130191715461514
1.164	-0.118125763380399	-0.128987061182737
1.168	-0.116915532349202	-0.127789464152297
1.172	-0.115712554843471	-0.126598935135432
1.176	-0.114516844400393	-0.125415484121904
1.18	-0.11332841372118	-0.124239120331951
1.184	-0.112147274676372	-0.123069852222302
1.188	-0.110973438311242	-0.121907687492263
1.192	-0.109806914851297	-0.120752633089866
1.196	-0.108647713707853	-0.119604695218075
1.2	-0.107495843483719	-0.11846387934106
1.204	-0.106351311978955	-0.117330190190518
1.208	-0.105214126196719	-0.116203631772062
1.212	-0.104084292349196	-0.115084207371655
1.216	-0.102961815863613	-0.113971919562106
1.22	-0.101846701388327	-0.112866770209608
1.224	-0.100738952798998	-0.11176876048033
1.228	-0.0996385732048343	-0.11067789084706
1.232	-0.0985455649549122	-0.109594161095885
1.236	-0.0974599296445695	-0.108517570332925
1.24	-0.0963816681218696	-0.107448116991102
1.244	-0.0953107804941342	-0.106385798836954
1.248	-0.0942472661345438	-0.105330612977485
1.252	-0.0931911236888019	-0.104282555867057
1.256	-0.092142351081865	-0.103241623314312
1.26	-0.0911009455247324	-0.102207810489131
1.264	-0.0900669035212961	-0.101181111929628
1.268	-0.0890402208752492	-0.100161521549168
1.272	-0.0880208926970506	-0.0991490326434191
1.276	-0.0870089134109426	-0.0981436378974323
1.28	-0.0860042767620222	-0.0971453293927434
1.284	-0.0850069758233631	-0.0961540986145021
1.288	-0.0840170030031852	-0.0951699364586223
1.292	-0.0830343500520726	-0.0941928332389539
1.296	-0.082059008070235	-0.0932227786944737
1.3	-0.0810909675148139	-0.092259761996494
1.304	-0.0801302182072295	-0.0913037717558878
1.308	-0.0791767493405681	-0.0903547960303285
1.312	-0.0782305494870049	-0.0894128223315422
1.316	-0.0772916066052667	-0.0884778376325727
1.32	-0.0763599080481246	-0.0875498283750561
1.324	-0.0754354405699229	-0.0866287804765033
1.328	-0.0745181903341355	-0.0857146793375911
1.332	-0.073608142920954	-0.0848075098494577
1.336	-0.0727052833348997	-0.0839072564010033
1.34	-0.0718095960124644	-0.0830139028861927
1.344	-0.070921064829772	-0.08212743271136
1.348	-0.070039673110263	-0.0812478288025128
1.352	-0.0691654036323993	-0.0803750736126349
1.356	-0.0682982386373868	-0.0795091491289869
1.36	-0.0674381598369148	-0.0786500368804013
1.364	-0.0665851484209103	-0.0777977179445735
1.368	-0.0657391850653059	-0.0769521729553449
1.372	-0.0649002499398183	-0.0761133821099783
1.376	-0.0640683227157377	-0.0752813251764237
1.38	-0.0632433825737244	-0.0744559815005733
1.384	-0.0624254082116128	-0.0736373300135045
1.388	-0.0616143778522198	-0.0728253492387095
1.392	-0.0608102692511557	-0.0720200172993108
1.396	-0.0600130597046394	-0.0712213119252603
1.4	-0.0592227260573094	-0.070429210460522
1.404	-0.0584392447100382	-0.069643689870236
1.408	-0.057662591627739	-0.0688647267478643
1.412	-0.0568927423471709	-0.0680922973223148
1.416	-0.0561296719847363	-0.0673263774650446
1.42	-0.0553733552442715	-0.0665669426971404
1.424	-0.054623766424827	-0.0658139681963749
1.428	-0.0538808794284381	-0.0650674288042388
1.432	-0.0531446677678823	-0.0643272990329465
1.436	-0.0524151045744243	-0.0635935530724147
1.44	-0.0516921626055446	-0.0628661647972134
1.444	-0.050975814252652	-0.062145107773488
1.448	-0.0502660315487788	-0.0614303552658504
1.452	-0.0495627861762544	-0.0607218802442406
1.456	-0.0488660494743624	-0.0600196553907552
1.46	-0.0481757924469703	-0.0593236531064436
1.464	-0.0474919857701402	-0.05863384551807
1.468	-0.0468145997997124	-0.0579502044848415
1.472	-0.0461436045788637	-0.0572727016050998
1.476	-0.0454789698456375	-0.056601308222977
1.48	-0.044820665040447	-0.0559359954350136
1.484	-0.0441686593135471	-0.0552767340967393
1.488	-0.0435229215324753	-0.0546234948292138
1.492	-0.0428834202894613	-0.0539762480255287
1.496	-0.0422501239088021	-0.0533349638572688
1.5	-0.0416230004542027	-0.0526996122809317
1.504	-0.0410020177360822	-0.0520701630443061
1.508	-0.0403871433188403	-0.0514465856928069
1.512	-0.0397783445280889	-0.050828849575767
1.516	-0.0391755884578427	-0.0502169238526857
1.52	-0.0385788419776703	-0.0496107774994312
1.524	-0.0379880717398032	-0.0490103793143985
1.528	-0.0374032441862047	-0.0484156979246213
1.532	-0.036824325555593	-0.0478267017918371
1.536	-0.0362512818904216	-0.047243359218505
1.54	-0.035684079043815	-0.0466656383537759
1.544	-0.0351226826864573	-0.046093507199414
1.548	-0.0345670583134336	-0.0455269336156702
1.552	-0.0340171712510247	-0.0449658853271053
1.556	-0.0334729866634527	-0.0444103299283635
1.56	-0.0329344695595766	-0.0438602348898958
1.564	-0.032401584799538	-0.043315567563632
1.568	-0.031874297101355	-0.0427762951886021
1.572	-0.0313525710474655	-0.042242384896505
1.576	-0.0308363710912165	-0.0417138037172262
1.58	-0.0303256615633014	-0.0411905185843015
1.584	-0.0298204066781411	-0.040672496340329
1.588	-0.029320570540214	-0.0401597037423273
1.592	-0.0288261171503265	-0.0396521074670393
1.596	-0.0283370104118315	-0.0391496741161836
1.6	-0.0278532141367879	-0.0386523702216495
1.604	-0.0273746920520644	-0.0381601622506393
1.608	-0.0269014078053851	-0.0376730166107543
1.612	-0.0264333249713188	-0.0371908996550262
1.616	-0.0259704070572078	-0.0367137776868927
1.62	-0.0255126175090402	-0.0362416169651179
1.624	-0.0250599197172617	-0.035774383708656
1.628	-0.0246122770225301	-0.0353120441014598
1.632	-0.0241696527214075	-0.0348545642972318
1.636	-0.0237320100719965	-0.0344019104241196
1.64	-0.0232993122995133	-0.0339540485893544
1.644	-0.0228715226018045	-0.0335109448838322
1.648	-0.0224486041548013	-0.0330725653866389
1.652	-0.0220305201179163	-0.0326388761695174
1.656	-0.02161723363938	-0.0322098433012781
1.66	-0.0212087078615183	-0.0317854328521519
1.664	-0.0208049059259724	-0.0313656108980857
1.668	-0.0204057909788594	-0.0309503435249807
1.672	-0.020011326175876	-0.0305395968328732
1.676	-0.0196214746873461	-0.0301333369400573
1.68	-0.0192361997032117	-0.0297315299871513
1.684	-0.0188554644379697	-0.0293341421411049
1.688	-0.0184792321355555	-0.0289411395991503
1.692	-0.0181074660741738	-0.0285524885926948
1.696	-0.0177401295710799	-0.0281681553911563
1.7	-0.0173771859873127	-0.0277881063057412
1.704	-0.0170185987323807	-0.027412307693165
1.708	-0.0166643312689048	-0.0270407259593151
1.712	-0.0163143471172202	-0.0266733275628571
1.716	-0.0159686098599396	-0.0263100790187828
1.72	-0.0156270831464831	-0.0259509469019024
1.724	-0.0152897306975768	-0.0255958978502784
1.728	-0.0149565163097252	-0.0252448985686036
1.732	-0.0146274038596632	-0.0248979158315218
1.736	-0.0143023573087905	-0.0245549164868921
1.74	-0.0139813407075983	-0.0242158674589968
1.744	-0.0136643182000917	-0.0238807357516931
1.748	-0.0133512540282157	-0.0235494884515082
1.752	-0.0130421125362943	-0.0232220927306788
1.756	-0.012736858175493	-0.0228985158501355
1.76	-0.0124354555083085	-0.0225787251624302
1.764	-0.0121378692131055	-0.0222626881146098
1.768	-0.0118440640887049	-0.0219503722510334
1.772	-0.011554005059043	-0.021641745216136
1.776	-0.0112676571779103	-0.0213367747571363
1.78	-0.0109849856337924	-0.0210354287266909
1.784	-0.0107059557548258	-0.0207376750854944
1.788	-0.0104305330138904	-0.0204434819048251
1.792	-0.0101586830338594	-0.0201528173690378
1.796	-0.00989037159302991	-0.0198656497780031
1.8	-0.00962556463075928	-0.0195819475494933
1.804	-0.00936422825333508	-0.0193016792215161
1.808	-0.00910632874011014	-0.0190248134545956
1.812	-0.0088518325499326	-0.0187513190340018
1.816	-0.00860070632790902	-0.0184811648719275
1.82	-0.00835291691253992	-0.0182143200096143
1.824	-0.00810843134326625	-0.0179507536194273
1.828	-0.00786721686847752	-0.0176904350068795
1.832	-0.00762924095402648	-0.0174333336126051
1.836	-0.00739447129230639	-0.0171794190142831
1.84	-0.00716287581194761	-0.0169286609285114
1.844	-0.00693442268819644	-0.0166810292126312
1.848	-0.00670908035404244	-0.0164364938665028
1.852	-0.00648681751216762	-0.0161950250342323
1.856	-0.00626760314779495	-0.0159565930058509
1.86	-0.00605140654251693	-0.0157211682189455
1.864	-0.00583819728920018	-0.0154887212602424
1.868	-0.0056279453080543	-0.015259222867144
1.872	-0.00542062086397332	-0.0150326439292189
1.876	-0.00521619458525632	-0.014808955489645
1.88	-0.00501463748382563	-0.0145881287466083
1.884	-0.00481592097706693	-0.0143701350546546
1.888	-0.00462001691142461	-0.0141549459259978
1.892	-0.00442689758789272	-0.0139425330317821
1.896	-0.00423653578955344	-0.0137328682033016
1.9	-0.00404890481132197	-0.013525923433175
1.904	-0.00386397849206704	-0.0133216708764779
1.908	-0.00368173124928858	-0.0131200828518314
1.912	-0.00350213811654673	-0.012921131842449
1.916	-0.00332517478384478	-0.0127247904971413
1.92	-0.00315081764119096	-0.0125310316312792
1.924	-0.00297904382557751	-0.0123398282277161
1.928	-0.00280983127164353	-0.0121511534376691
1.932	-0.00264315876631416	-0.0119649805815607
1.936	-0.00247900600775663	-0.0117812831498203
1.94	-0.00231735366904123	-0.0116000348036466
1.944	-0.00215818346698668	-0.0114212093757309
1.948	-0.00200147823676952	-0.0112447808709427
1.952	-0.00184722201304538	-0.0110707234669767
1.956	-0.00169540011854968	-0.0108990115149631
1.96	-0.00154599926146265	-0.0107296195400401
1.964	-0.00139900764327341	-0.0105625222418904
1.968	-0.00125441507948804	-0.010397694495242
1.972	-0.0011122131363947	-0.0102351113503326
1.976	-0.000972395288256156	-0.0100747480333393
1.98	-0.000834957100894013	-0.00991657994677412
1.984	-0.000699896449746662	-0.00976058266984439
1.988	-0.000567213783292247	-0.00960673195878023
1.992	-0.000436912446401705	-0.00945500374712841
1.996	-0.000308999082937522	-0.00930537414601355
