0	0	0	0	0	0.983631643083492	1
0.01	0.00983631643083491	0.00999983333416666	4.91815821541746E-05	4.99995833347366E-05	0.98363164308349	0.999950000416665
0.02	0.0196726328616698	0.0199986666933331	0.000196726328616698	0.000199993333422244	0.983631643083488	0.999800006666578
0.03	0.0295089492925047	0.0299955002024957	0.00044263423938757	0.000449966251012457	0.983631643083487	0.999550033748988
0.04	0.0393452657233395	0.0399893341866342	0.000786905314466792	0.000799893339022084	0.983631643083485	0.999200106660978
0.05	0.0491815821541744	0.0499791692706783	0.00122953955385436	0.00124973960503372	0.983631643083483	0.998750260394966
0.06	0.0590178985850092	0.0599640064794446	0.00177053695755028	0.00179946006479581	0.983631643083482	0.998200539935204
0.07	0.068854215015844	0.0699428473375328	0.00240989752555455	0.00244899974672042	0.98363164308348	0.99755100025328
0.08	0.0786905314466788	0.0799146939691727	0.00314762125786716	0.00319829369738056	0.983631643083478	0.996801706302619
0.09	0.0885268478775136	0.089878549198011	0.00398370815448812	0.00404726698800573	0.983631643083477	0.995952733011994
0.1	0.0983631643083483	0.0998334166468281	0.00491815821541743	0.00499583472197418	0.983631643083475	0.995004165278026
0.11	0.108199480739183	0.109778300837175	0.00595097144065509	0.00604390204330318	0.983631643083474	0.993956097956697
0.12	0.118035797170018	0.119712207288919	0.00708214783020109	0.00719136414613375	0.983631643083472	0.992808635853866
0.13	0.127872113600852	0.129634142619695	0.00831168738405544	0.00843810628521191	0.98363164308347	0.991561893714788
0.14	0.137708430031687	0.139543114644236	0.00963959010221814	0.00978400378736277	0.983631643083469	0.990215996212637
0.15	0.147544746462522	0.149438132473599	0.0110658559846892	0.0112289220639578	0.983631643083467	0.988771077936042
0.16	0.157381062893357	0.159318206614246	0.0125904850314686	0.0127727166243731	0.983631643083465	0.987227283375627
0.17	0.167217379324191	0.169182349066996	0.0142134772425563	0.0144152330904392	0.983631643083464	0.985584766909561
0.18	0.177053695755026	0.179029573425824	0.0159348326179524	0.0161563072118786	0.983631643083462	0.983843692788121
0.19	0.18689001218586	0.188858894976501	0.0177545511576568	0.0179957648827297	0.98363164308346	0.98200423511727
0.2	0.196726328616695	0.198669330795061	0.0196726328616696	0.0199334221587584	0.983631643083459	0.980066577841242
0.21	0.20656264504753	0.2084598998461	0.0216890777299907	0.0219690852758517	0.983631643083457	0.978030914724148
0.22	0.216398961478364	0.218229623080869	0.0238038857626202	0.0241025506693945	0.983631643083455	0.975897449330606
0.23	0.226235277909199	0.227977523535188	0.026017056959558	0.0263336049946252	0.983631643083454	0.973666395005375
0.24	0.236071594340033	0.237702626427135	0.0283285913208042	0.0286620251479704	0.983631643083452	0.97133797485203
0.25	0.245907910770868	0.247403959254523	0.0307384888463587	0.0310875782893553	0.98363164308345	0.968912421710645
0.26	0.255744227201702	0.257080551892155	0.0332467495362215	0.0336100218654868	0.983631643083449	0.966389978134513
0.27	0.265580543632537	0.266731436688831	0.0358533733903927	0.0362291036341095	0.983631643083447	0.963770896365891
0.28	0.275416860063371	0.276355648564114	0.0385583604088723	0.0389445616892291	0.983631643083445	0.961055438310771
0.29	0.285253176494206	0.285952225104836	0.0413617105916602	0.0417561244873028	0.983631643083444	0.958243875512697
0.3	0.29508949292504	0.29552020666134	0.0442634239387564	0.044663510874394	0.983631643083442	0.955336489125606
0.31	0.304925809355875	0.305058636443444	0.047263500450161	0.0476664301142866	0.983631643083441	0.952333569885713
0.32	0.314751670343582	0.314566560616118	0.050361919770051	0.0507645819175592	0.980051462243478	0.949235418082441
0.33	0.324521536588202	0.324043028394868	0.0535583368853396	0.0539576564716131	0.973921786680377	0.946042343528387
0.34	0.33423010607719	0.333487092140815	0.0568521461792962	0.0572453344716538	0.967792111117276	0.942754665528346
0.35	0.343877378810547	0.342897807455452	0.0602427346843646	0.0606272871526211	0.961662435554176	0.939372712847379
0.36	0.353463354788274	0.35227423327509	0.0637294894329884	0.0641031763220652	0.955532759991075	0.935896823677935
0.37	0.362988034010369	0.361615431964962	0.0673117974576113	0.0676726543939656	0.949403084427975	0.932327345606034
0.38	0.372451416476833	0.370920469412983	0.070989045790677	0.0713353644234899	0.943273408864874	0.92866463557651
0.39	0.381853502187666	0.380188415123162	0.0747606214646292	0.075090940142687	0.937143733301773	0.924909059857313
0.4	0.391194291142869	0.389418342308651	0.0786259115119116	0.078939005997115	0.931014057738673	0.921060994002885
0.41	0.40047378334244	0.398609327984423	0.0825843029649678	0.082879177183395	0.924884382175572	0.917120822816605
0.42	0.40969197878638	0.40776045305957	0.0866351828562416	0.0869110596876919	0.918754706612472	0.913088940312308
0.43	0.418848877474689	0.416870802429211	0.0907779382181766	0.0910342503251149	0.912625031049371	0.908965749674885
0.44	0.427944479407367	0.425939465066	0.0950119560832166	0.0952483367800366	0.90649535548627	0.904751663219963
0.45	0.436978784584415	0.43496553411123	0.0993366234838052	0.0995528976473232	0.90036567992317	0.900447102352677
0.46	0.445951793005831	0.44394810696552	0.103751327452386	0.103947502474475	0.894236004360069	0.896052497525525
0.47	0.454863504671616	0.452886285379069	0.108255455021403	0.108431711804671	0.888106328796969	0.891568288195329
0.48	0.46371391958177	0.461779175541483	0.1128483932233	0.113005077220716	0.881976653233868	0.886994922779284
0.49	0.472503037736293	0.470625888171158	0.11752952909052	0.117667141389879	0.875846977670768	0.882332858610121
0.5	0.481230859135186	0.479425538604203	0.122298249655507	0.122417438109627	0.869717302107667	0.877582561890373
0.51	0.489897383778447	0.488177246882908	0.127153941950705	0.127255492354249	0.863587626544566	0.872744507645751
0.52	0.498502611666077	0.496880137843737	0.132095993008557	0.13218082032235	0.857457950981466	0.86781917967765
0.53	0.507046542798076	0.505533341204847	0.137123789861507	0.137192929485239	0.851328275418365	0.862807070514761
0.54	0.515529177174444	0.514135991653113	0.142236719542	0.142291318636176	0.845198599855265	0.857708681363824
0.55	0.523950514795181	0.522687228930659	0.147434169082478	0.147475477940494	0.839068924292164	0.852524522059506
0.56	0.532310555660288	0.531186197920884	0.152715525515385	0.152744888986584	0.832939248729063	0.847255111013416
0.57	0.540609299769763	0.53963204873397	0.158080175873165	0.158099024837731	0.826809573165963	0.841900975162269
0.58	0.548846747123607	0.548023936791874	0.163527507188261	0.163537350084813	0.820679897602862	0.836462649915187
0.59	0.55702289772182	0.556361022912784	0.169056906493118	0.169059320899837	0.814550222039762	0.830940679100163
0.6	0.565137751564402	0.564642473395036	0.174667760820179	0.174664385090322	0.808420546476661	0.825335614909678
0.61	0.573191308651353	0.572867460100482	0.180359457201887	0.180351982154521	0.802290870913561	0.819648017845479
0.62	0.581183568982673	0.581035160537305	0.186131382670687	0.186121543337466	0.79616119535046	0.813878456662534
0.63	0.589275650643817	0.58914475794227	0.191983059935648	0.191972491687848	0.885386442998517	0.808027508312152
0.64	0.598071218394932	0.597195441362392	0.197919891441973	0.197904242115708	0.873727107224388	0.802095757884292
0.65	0.606750192788305	0.60518640573604	0.203944095659021	0.203916201450944	0.862067771450259	0.796083798549056
0.66	0.615312573823937	0.613116851973434	0.210054506653214	0.210007768502635	0.850408435676131	0.789992231497365
0.67	0.623758361501828	0.62098598703656	0.216249958490974	0.216178334119151	0.838749099902002	0.783821665880849
0.68	0.632087555821977	0.628793024018469	0.222529285238724	0.222427281249072	0.827089764127873	0.777572718750928
0.69	0.640300156784385	0.636537182221968	0.228891320962888	0.228753985002894	0.815430428353745	0.771246014997106
0.7	0.648396164389052	0.644217687237691	0.235334899729886	0.235157812715512	0.803771092579616	0.764842187284488
0.71	0.656375578635977	0.651833771021537	0.241858855606143	0.241638124009492	0.792111756805487	0.758361875990508
0.72	0.664238399525162	0.659384671971473	0.24846202265808	0.248194270859105	0.780452421031359	0.751805729140895
0.73	0.671984627056605	0.666869635003698	0.25514323495212	0.25482559765513	0.76879308525723	0.74517440234487
0.74	0.679614261230306	0.674287911628145	0.261901326554686	0.261531441270412	0.757133749483101	0.738468558729588
0.75	0.687127302046267	0.681638760023334	0.268735131532201	0.268311131126179	0.745474413708973	0.731688868873821
0.76	0.694523749504486	0.688921445110552	0.275643483951086	0.275163989259095	0.733815077934844	0.724836010740905
0.77	0.701803603604963	0.696135238627357	0.282625217877765	0.282089330389057	0.722155742160715	0.717910669610943
0.78	0.7089668643477	0.70327941920041	0.289679167378659	0.289086461987723	0.710496406386587	0.710913538012277
0.79	0.716013531732695	0.710353272417608	0.296804166520193	0.296154684347764	0.698837070612458	0.703845315652236
0.8	0.722943605759949	0.717356090899523	0.303999049368788	0.303293290652835	0.687177734838329	0.696706709347165
0.810000000000001	0.729757086429462	0.724287174370143	0.311262649990866	0.310501567048253	0.675518399064201	0.689498432951747
0.820000000000001	0.736453973741233	0.731145829726896	0.318593802452851	0.317778792712387	0.663859063290072	0.682221207287613
0.830000000000001	0.743034267695263	0.737931371109963	0.325991340821165	0.325124239928733	0.652199727515943	0.674875760071267
0.840000000000001	0.749497968291552	0.74464311997086	0.33345409916223	0.332537174158692	0.640540391741814	0.667462825841308
0.850000000000001	0.7558450755301	0.751280405140293	0.34098091154247	0.340016854115018	0.628881055967686	0.659983145884982
0.860000000000001	0.762075589410906	0.757842562895277	0.348570612028307	0.347562531835949	0.617221720193557	0.652437468164051
0.870000000000001	0.768189509933971	0.764328937025505	0.356222034686163	0.355173452759999	0.605562384419428	0.644826547240001
0.880000000000001	0.774186837099294	0.77073887889897	0.36393401358246	0.36284885580142	0.5939030486453	0.63715114419858
0.890000000000001	0.780067570906877	0.777071747526824	0.371705382783623	0.370587973426304	0.582243712871171	0.629412026573696
0.900000000000001	0.785831711356718	0.783326909627484	0.379534976356072	0.378390031729336	0.570584377097042	0.621609968270664
0.910000000000001	0.791479258448818	0.789503739689951	0.387421628366231	0.386254250511189	0.558925041322914	0.613745749488811
0.920000000000001	0.797010212183176	0.795601620036366	0.395364172880523	0.394179843356538	0.547265705548785	0.605820156643462
0.930000000000001	0.802424572559793	0.801619940883778	0.403361443965369	0.402166017712702	0.535606369774656	0.597833982287298
0.940000000000001	0.807722339578669	0.807558100405115	0.411412275687193	0.410211974968902	0.523947034000528	0.589788025031098
0.950000000000001	0.81497567878823	0.813415504789374	0.419523333045197	0.418316910536117	0.783804951647512	0.581683089463883
0.960000000000001	0.822702841432069	0.819191568300999	0.427711910457752	0.426480013927544	0.761627577120201	0.573519986072456
0.970000000000001	0.830208230330634	0.82488571333845	0.43597665062802	0.434700468839646	0.739450202592889	0.565299531160354
0.980000000000001	0.837491845483927	0.830497370491971	0.444315335818548	0.442977453233783	0.717272828065577	0.557022546766217
0.990000000000001	0.844553686891946	0.836025978600521	0.452725748291881	0.451310139418413	0.695095453538265	0.548689860581587
1	0.851393754554692	0.841470984807897	0.461205670310569	0.459697694131861	0.672918079010954	0.540302305868139
1.01	0.858012048472165	0.846831844618016	0.469752884137158	0.468139278625645	0.650740704483642	0.531860721374355
1.02	0.864408568644365	0.852108021949363	0.478365172034195	0.476634048748351	0.62856332995633	0.523365951251649
1.03	0.870583315071292	0.857298989188604	0.487040316264227	0.485181155030045	0.606385955429019	0.514818844969955
1.04	0.876536287752945	0.862404227243339	0.495776099089803	0.493779742767222	0.584208580901707	0.506220257232778
1.05	0.882267486689326	0.867423225594017	0.504570302773469	0.502428952108274	0.562031206374395	0.497571047891726
1.06	0.887776911880433	0.872355482344987	0.513420709577772	0.511127918139473	0.539853831847083	0.488872081860527
1.07	0.893064563326267	0.877200504274682	0.52232510176526	0.519875770971467	0.517676457319772	0.480124229028533
1.08	0.898130441026828	0.881957806884948	0.53128126159848	0.528671635826261	0.49549908279246	0.471328364173739
1.09	0.902974544982116	0.886626914449488	0.540286971339979	0.5375146331247	0.473321708265148	0.4624853668753
1.1	0.907596875192131	0.891207360061436	0.549340013252304	0.546403878574423	0.451144333737837	0.453596121425577
1.11	0.911997431656873	0.895698685680048	0.558438169598004	0.555338483258294	0.428966959210525	0.444661516741706
1.12	0.916176214376342	0.900100442176505	0.567579222639624	0.564317553723289	0.406789584683213	0.435682446276711
1.13	0.920133223350537	0.904412189378826	0.576760954639713	0.573340192069843	0.384612210155902	0.426659807930157
1.14	0.92386845857946	0.908633496115884	0.585981147860817	0.582405496041643	0.36243483562859	0.417594503958357
1.15	0.927381920063109	0.912763940260521	0.595237584565485	0.591512559115843	0.340257461101278	0.408487440884157
1.16	0.930673607801486	0.916803108771767	0.604528047016262	0.600660470593728	0.318080086573966	0.399339529406272
1.17	0.933743521794589	0.920750597736136	0.613850317475697	0.609848315691771	0.295902712046655	0.390151684308229
1.18	0.936591662042419	0.924606012408021	0.623202178206336	0.619075175633119	0.273725337519343	0.380924824366881
1.19	0.939218028544976	0.928368967249167	0.632581411470728	0.628340127739468	0.251547962992031	0.371659872260532
1.2	0.941622621302259	0.932039085967227	0.641985799531418	0.637642245523327	0.22937058846472	0.362357754476673
1.21	0.94380544031427	0.935616001553386	0.651413124650955	0.64698059878067	0.207193213937408	0.35301940121933
1.22	0.945766485581008	0.939099356319068	0.660861169091886	0.656354253683954	0.185015839410096	0.343645746316046
1.23	0.947505757102472	0.942488801931698	0.670327715116758	0.665762272875498	0.162838464882784	0.334237727124502
1.24	0.949023254878663	0.945783999449539	0.679810544988118	0.675203715561225	0.140661090355473	0.324796284438775
1.25	0.950318978909581	0.948984619355587	0.689307440968514	0.684677637604732	0.118483715828161	0.315322362395268
1.26	0.95317563050386	0.952090341590516	0.698819185523522	0.694183091621712	0.625005044250782	0.305816908378288
1.27	0.959273058259654	0.955100855584692	0.708381683338484	0.703719127074682	0.594480506907869	0.296280872925318
1.28	0.965065240642018	0.958015860289225	0.718003629204137	0.713284790368045	0.563955969564955	0.286715209631955
1.29	0.970552177650953	0.960835064206073	0.727681970666747	0.722879124943443	0.533431432222041	0.277120875056557
1.3	0.975733869286459	0.963558185417193	0.737413655272578	0.732501171375413	0.502906894879127	0.267498828624587
1.31	0.980610315548535	0.966184951612734	0.747195630567898	0.742149967467331	0.472382357536214	0.257850032532669
1.32	0.985181516437183	0.968715100118265	0.757024844098971	0.751824548347628	0.4418578201933	0.248175451652372
1.33	0.989447471952401	0.971148377921045	0.766898243412063	0.761523946566278	0.411333282850386	0.238476053433722
1.34	0.993408182094191	0.97348454169532	0.776812776053441	0.771247192191541	0.380808745507472	0.228752807808459
1.35	0.997063646862551	0.975723357826659	0.786765389569369	0.780993312906959	0.350284208164559	0.219006687093041
1.36	1.00041386625748	0.977864602435316	0.796753031506114	0.790761334108582	0.319759670821645	0.209238665891418
1.37	1.00345884027898	0.979908061398614	0.806772649409941	0.800550279002428	0.289235133478731	0.199449720997572
1.38	1.00619856892706	0.98185353037236	0.816821190827115	0.810359168702167	0.258710596135817	0.189640831297833
1.39	1.0086330522017	0.983700814811277	0.826895603303904	0.820187022327002	0.228186058792904	0.179812977672998
1.4	1.01076229010291	0.98544972998846	0.836992834386571	0.83003285709976	0.19766152144999	0.16996714290024
1.41	1.0125862826307	0.98710010101385	0.847109831621384	0.83989568844517	0.167136984107076	0.16010431155483
1.42	1.01410502978506	0.98865176285172	0.857243542554607	0.849774530088315	0.136612446764162	0.150225469911685
1.43	1.01531853156598	0.990104560337178	0.867390914732507	0.859668394153264	0.106087909421249	0.140331605846736
1.44	1.01622678797348	0.991458348191687	0.877548895701349	0.869576291261856	0.0755633720783347	0.130423708738144
1.45	1.01682979900755	0.992712991037589	0.887714433007399	0.879497230632635	0.045038834735421	0.120502769367366
1.46	1.01712756466819	0.993868363411645	0.897884474196922	0.889430220179932	0.0145142973925072	0.110569779820068
1.47	1.0171200849554	0.994924349777581	0.908055966816184	0.899374266613069	-0.0160102399504065	0.100625733386931
1.48	1.01680735986918	0.99588084453764	0.918225858411452	0.909328375535691	-0.0465347772933202	0.0906716244643086
1.49	1.01618938940953	0.996737752043144	0.92839109652899	0.9192915515452	-0.0770593146362341	0.0807084484547995
1.5	1.01526617357646	0.997494986604055	0.938548628715064	0.929262798332298	-0.107583851979148	0.0707372016677018
1.51	1.01403771236995	0.998152472497548	0.948695402515941	0.939241118780615	-0.138108389322061	0.0607588812193848
1.52	1.01250400579002	0.998710143975583	0.958828365477885	0.949225515066422	-0.168632926664975	0.0507744849335781
1.53	1.01066505383665	0.999167945271476	0.968944465147163	0.95921498875841	-0.199157464007889	0.0407850112415899
1.54	1.00852085650986	0.999525830605479	0.97904064907004	0.969208540917535	-0.229682001350803	0.030791459082465
1.55	1.00607141380964	0.999783764189357	0.989113864792782	0.979205172196909	-0.260206538693717	0.0207948278030913
1.56	1.00331672573598	0.999941720229966	0.999161059861655	0.989203882941734	-0.29073107603663	0.0107961170582663
1.57	1.0002567922889	0.999999682931835	1.00917918182292	0.999203673289268	-0.321255613379544	0.000796326710732153
1.58	1.00446211970509	0.99995764649874	1.01920009109702	1.00920354326881	0.465485551715318	-0.00920354326880945
1.59	1.0089069081156	0.999815615134291	1.02926728634797	1.01920249290169	0.423472130385788	-0.0192024929016938
1.6	1.01293156231281	0.999573603041505	1.03937682881196	1.02919952230129	0.381458709056258	-0.0291995223012899
1.61	1.01653608229672	0.999231634421391	1.04952451714685	1.03919363177299	0.339445287726729	-0.0391936317729888
1.62	1.01972046806734	0.998789743470524	1.05970615001051	1.04918382191417	0.297431866397199	-0.0491838219141717
1.63	1.02248471962467	0.998247974377632	1.06991752606082	1.05916909371415	0.255418445067669	-0.0591690937141495
1.64	1.0248288369687	0.997606381319174	1.08015444395563	1.06914844865406	0.21340502373814	-0.0691484486540633
1.65	1.02675282009943	0.996865028453919	1.09041270235281	1.07912088880674	0.17139160240861	-0.0791208888067352
1.66	1.02825666901687	0.996023989916537	1.10068809991024	1.08908541693646	0.12937818107908	-0.0890854169364603
1.67	1.02934038372101	0.99508334981018	1.11097643528577	1.09904103659873	0.0873647597495507	-0.0990410365987293
1.68	1.03000396421186	0.994043202198076	1.12127350713728	1.10898675223987	0.0453513384200211	-0.108986752239872
1.69	1.03024741048941	0.992903651094118	1.13157511412263	1.11892156929661	0.00333791709049147	-0.118921569296614
1.7	1.03007072255367	0.991664810452468	1.14187705489969	1.12884449429553	-0.0386755042390382	-0.128844494295526
1.71	1.02947390040463	0.990326804156158	1.15217512812633	1.13875453495238	-0.0806889255685679	-0.138754534952379
1.72	1.0284569440423	0.988889766004701	1.16246513246041	1.14865070027136	-0.122702346898098	-0.148650700271365
1.73	1.02701985346667	0.987353839700716	1.1727428665598	1.1585320006442	-0.164715768227627	-0.158532000644199
1.74	1.02516262867775	0.985719178835553	1.18300412908236	1.16839744794908	-0.206729189557157	-0.168397447949078
1.75	1.02288526967553	0.983985946873937	1.19324471868597	1.17824605564949	-0.248742610886686	-0.178246055649493
1.76	1.02018777646001	0.982154317137618	1.2034604340285	1.18807683889288	-0.290756032216216	-0.188076838892881
1.77	1.0170701490312	0.980224472788045	1.2136470737678	1.19788881460911	-0.332769453545746	-0.19788881460911
1.78	1.0135323873891	0.978196606808044	1.22380043656174	1.20768100160879	-0.374782874875275	-0.207681001608785
1.79	1.0095744915337	0.976070921982524	1.2339163210682	1.21745242068137	-0.416796296204805	-0.217452420681366
1.8	1.005196461465	0.973847630878195	1.24399052594504	1.22720209469309	-0.458809717534335	-0.227202094693088
1.81	1.00039829718301	0.971526955822315	1.25401884985012	1.23692904868468	-0.500823138863864	-0.236929048684676
1.82	0.995179998687725	0.969109128880456	1.26399709144132	1.24663230996884	-0.542836560193394	-0.246632309968835
1.83	0.989541565979143	0.966594391833297	1.2739210493765	1.25631090822752	-0.584849981522924	-0.256310908227524
1.84	0.983482999057267	0.963982996152448	1.28378652231353	1.26596387560898	-0.626863402852453	-0.265963875608982
1.85	0.977004297922094	0.9612752029753	1.29358930891027	1.27559024682451	-0.668876824181983	-0.275590246824514
1.86	0.970105462573627	0.958471283078914	1.30332520782459	1.28518905924502	-0.710890245511513	-0.285189059245022
1.87	0.962786493011864	0.955571516852944	1.31299001771436	1.29475935299726	-0.752903666841042	-0.294759352997262
1.88	0.955047389236806	0.952576194271595	1.32257953723745	1.30430017105983	-0.794917088170572	-0.304300171059835
1.89	0.952626483640222	0.94948561486463	1.33210404618641	1.31381055935888	0.298772165429943	-0.313810559358884
1.9	0.955367256599963	0.946300087687414	1.34164442646877	1.3232895668635	0.249382426518244	-0.323289566863505
1.91	0.957614132170587	0.94301993129001	1.35120974499378	1.33273624568085	0.199992687606545	-0.332736245680847
1.92	0.959367110352094	0.939645473685324	1.36079506278755	1.3421496511509	0.150602948694846	-0.3421496511509
1.93	0.960626191144484	0.936177052316306	1.37039544087619	1.35152884194096	0.101213209783147	-0.351528841940961
1.94	0.961391374547757	0.9326150140222	1.38000594028581	1.36087288013977	0.051823470871448	-0.360872880139769
1.95	0.961662660561913	0.928959715003869	1.38962162204251	1.37018083135129	0.00243373195974894	-0.370180831351288
1.96	0.961440049186952	0.925211520788168	1.39923754717242	1.37945176478816	-0.0469560069519501	-0.379451764788156
1.97	0.960723540422874	0.921370806191395	1.40884877670162	1.38868475336475	-0.0963457458636492	-0.388684753364753
1.98	0.959513134269679	0.917437955281809	1.41845037165624	1.39787887378992	-0.145735484775348	-0.397878873789917
1.99	0.957808830727367	0.913413361341225	1.42803739306239	1.40703320665927	-0.195125223687047	-0.407033206659267
2	0.955610629795938	0.909297426825681	1.43760490194616	1.41614683654714	-0.244514962598745	-0.416146836547144
2.01	0.952918531475392	0.9050905633252	1.44714795933367	1.42521885209815	-0.293904701510443	-0.425218852098153
2.02	0.949732535765729	0.900793191522627	1.45666162625104	1.4342483461183	-0.343294440422141	-0.434248346118301
2.03	0.94605264266695	0.89640574115156	1.46614096372436	1.44323441566571	-0.392684179333839	-0.44323441566571
2.04	0.941878852179053	0.891928650953379	1.47558103277975	1.45217616214091	-0.442073918245537	-0.452176162140912
2.05	0.937211164302039	0.887362368633375	1.48497689444331	1.46107269137671	-0.491463657157235	-0.461072691376713
2.06	0.932049579035909	0.882707350815974	1.49432360974116	1.4699231137276	-0.540853396068933	-0.469923113727602
2.07	0.926394096380661	0.877964062999078	1.5036162396994	1.47872654415872	-0.590243134980631	-0.47872654415872
2.08	0.920244716336296	0.873132979507517	1.51284984534414	1.48748210233436	-0.639632873892329	-0.487482102334359
2.09	0.913601438902815	0.868214583445613	1.52201948770149	1.496188912706	-0.689022612804027	-0.496188912705998
2.1	0.906464264080216	0.863209366648874	1.53112022779756	1.50484610459986	-0.738412351715725	-0.504846104599857
2.11	0.8988331918685	0.858117829634809	1.54014712665846	1.51345281230396	-0.787802090627423	-0.513452812303959
2.12	0.890708222267668	0.852940481552877	1.5490952453103	1.52200817515471	-0.837191829539121	-0.522008175154706
2.13	0.882089355277718	0.847677840133571	1.55795964477919	1.53051133762294	-0.886581568450819	-0.530511337622944
2.14	0.872976590898652	0.842330431636647	1.56673538609123	1.53896144939951	-0.935971307362517	-0.53896144939951
2.15	0.863369929130468	0.836898790798499	1.57541753027253	1.54735766548027	-0.985361046274215	-0.54735766548027
2.16	0.853269369973168	0.831383460778684	1.5840011383492	1.55569914625061	-1.03475078518591	-0.555699146250611
2.17	0.84267491342675	0.825784993105609	1.59248127134736	1.56398505756941	-1.08414052409761	-0.563985057569408
2.18	0.831586559491216	0.820103947621376	1.60085299029311	1.57221457085243	-1.13353026300931	-0.572214570852435
2.19	0.820004308166565	0.814340892425798	1.60911135621256	1.58038686315522	-1.18292000192101	-0.58038686315522
2.2	0.809198669711304	0.808496403819592	1.61725199247323	1.58850111725534	0.202680202002629	-0.588501117255343
2.21	0.810935166129862	0.802571066246749	1.6253531454951	1.59655652173416	0.144619081708887	-0.596556521734157
2.22	0.812091051345482	0.796565472236089	1.63346876042515	1.60455227105793	0.0865579614151441	-0.604552271057927
2.23	0.812666325358165	0.790480222342007	1.64159303115133	1.61248756565838	0.0284968411214016	-0.612487565658382
2.24	0.81266098816791	0.784315925084422	1.64972015156163	1.62036161201268	-0.029564279172341	-0.620361612012677
2.25	0.812075039774718	0.778073196887924	1.65784431554402	1.62817362272274	-0.0876253994660836	-0.628173622722736
2.26	0.810908480178588	0.771752662020128	1.66595971698645	1.635922816594	-0.145686519759826	-0.635922816593999
2.27	0.809161309379521	0.765354952529256	1.67406054977691	1.64360841871354	-0.203747640053569	-0.643608418713537
2.28	0.806833527377517	0.758880708180925	1.68214100780337	1.65122966052754	-0.261808760347311	-0.651229660527542
2.29	0.803925134172575	0.752330576394174	1.69019528495378	1.65878577991818	-0.319869880641054	-0.658785779918184
2.29999999999999	0.800436129764696	0.745705212176724	1.69821757511614	1.66627602127982	-0.377931000934796	-0.66627602127982
2.30999999999999	0.79636651415388	0.739005278059474	1.7062020721784	1.67369963559456	-0.435992121228539	-0.673699635594557
2.31999999999999	0.791716287340126	0.732231444030255	1.71414297002854	1.68105588050715	-0.494053241522282	-0.681055880507149
2.32999999999999	0.786485449323434	0.725384387466824	1.72203446255453	1.68834402039923	-0.552114361816024	-0.688344020399234
2.33999999999999	0.780674000103805	0.71846479306913	1.72987074364433	1.6955633264629	-0.610175482109767	-0.695563326462898
2.34999999999999	0.774281939681239	0.711473352790849	1.73764600718593	1.70271307677355	-0.668236602403509	-0.70271307677355
2.35999999999999	0.767309268055735	0.704410765770181	1.74535444706728	1.70979255636212	-0.726297722697252	-0.709792556362116
2.36999999999999	0.759755985227294	0.697277738259943	1.75299025717636	1.71680105728654	-0.784358842990995	-0.716801057286538
2.37999999999999	0.751622091195916	0.690074983556941	1.76054763140115	1.72373787870256	-0.842419963284737	-0.723737878702564
2.38999999999999	0.7429075859616	0.682803221930645	1.76802076362961	1.73060232693383	-0.90048108357848	-0.730602326933832
2.39999999999999	0.733612469524347	0.675463180551156	1.7754038477497	1.73739371554124	-0.958542203872222	-0.737393715541241
2.40999999999999	0.723736741884156	0.668055593416497	1.78269107764942	1.74411136539159	-1.01660332416597	-0.744111365391588
2.41999999999999	0.713280403041028	0.660581201279206	1.78987664721671	1.75075460472549	-1.07466444445971	-0.750754604725486
2.42999999999999	0.702243452994962	0.653040751572271	1.79695475033956	1.75732276922454	-1.13272556475345	-0.757322769224539
2.43999999999999	0.690625891745959	0.645434998334377	1.80391958090593	1.76381520207777	-1.19078668504719	-0.763815202077769
2.44999999999999	0.678427719294019	0.63776470213451	1.8107653328038	1.7702312540473	-1.24884780534094	-0.770231254047302
2.45999999999999	0.665648935639141	0.630030629995899	1.81748619992114	1.77657028353329	-1.30690892563468	-0.776570283533288
2.46999999999999	0.652289540781326	0.622233555319312	1.82407637614591	1.78283165663806	-1.36497004592842	-0.78283165663806
2.47999999999999	0.638349534720573	0.614374257805719	1.83053005536609	1.78901474722953	-1.42303116622216	-0.789014747229526
2.48999999999999	0.623828917456883	0.606453523378322	1.83684143146964	1.79511893700378	-1.48109228651591	-0.795118937003779
2.49999999999999	0.608727688990256	0.598472144103964	1.84300469834455	1.80114361554693	-1.53915340680965	-0.801143615546928
2.50999999999999	0.593045849320691	0.590430918113921	1.84901404987877	1.80708818039614	-1.59721452710339	-0.80708818039614
2.51999999999999	0.588128805182638	0.58233064952409	1.85490184144211	1.81295203709988	0.0305488407009254	-0.812952037099884
2.52999999999999	0.588129048216218	0.574172148354581	1.86078363945139	1.81873459927738	-0.0305002339848979	-0.818734599277376
2.53999999999999	0.58751880050294	0.565956230448711	1.86666238743728	1.82443528867722	-0.0915493086707212	-0.824435288677216
2.54999999999999	0.586298062042804	0.557683717391426	1.8725319804923	1.83005353523522	-0.152598383356544	-0.830053535235216
2.55999999999999	0.584466832835809	0.549355436427136	1.87838631370898	1.8355887771314	-0.213647458042368	-0.835588777131402
2.56999999999999	0.582025112881957	0.540972220376998	1.88421928217985	1.8410404608462	-0.274696532728191	-0.841040460846196
2.57999999999999	0.578972902181246	0.53253490755563	1.89002478099746	1.84640804121577	-0.335745607414014	-0.84640804121577
2.58999999999999	0.575310200733676	0.524044341687286	1.89579670525432	1.85169098148656	-0.396794682099838	-0.85169098148656
2.59999999999999	0.571037008539249	0.515501371821474	1.90152895004298	1.85688875336894	-0.457843756785661	-0.856888753368941
2.60999999999999	0.566153325597963	0.506906852248063	1.90721541045595	1.86200083709006	-0.518892831471484	-0.862000837090058
2.61999999999999	0.56065915190982	0.498261642411849	1.91284998158578	1.8670267214458	-0.579941906157308	-0.867026721445797
2.62999999999999	0.554554487474818	0.48956660682661	1.91842655852499	1.87196590385191	-0.640990980843131	-0.871965903851911
2.63999999999999	0.547839332292957	0.480822614988659	1.92393903636612	1.87681789039428	-0.702040055528954	-0.876817890394275
2.64999999999999	0.540513686364239	0.472030541289894	1.92938131020169	1.88158219587828	-0.763089130214778	-0.88158219587828
2.65999999999999	0.532577549688662	0.463191264930357	1.93474727512425	1.88625834387735	-0.824138204900601	-0.886258343877346
2.66999999999999	0.524030922266227	0.454305669830318	1.94003082622631	1.89084586678057	-0.885187279586424	-0.890845866780571
2.67999999999999	0.514873804096934	0.445374644541883	1.94522585860042	1.89534430583949	-0.946236354272248	-0.895344305839486
2.68999999999999	0.505106195180783	0.436399082160138	1.95032626733909	1.89975321121394	-1.00728542895807	-0.899753211213935
2.69999999999999	0.494728095517773	0.427379880233842	1.95532594753488	1.90407214201706	-1.06833450364389	-0.904072142017055
2.70999999999999	0.483739505107905	0.418317940675671	1.96021879428029	1.90830066635936	-1.12938357832972	-0.908300666359364
2.71999999999999	0.472140423951179	0.40921416967203	1.96499870266788	1.91243836139195	-1.19043265301554	-0.912438361391952
2.72999999999999	0.459930852047595	0.400069477592433	1.96965956779016	1.91648481334876	-1.25148172770136	-0.916484813348764
2.73999999999999	0.447110789397152	0.390884778898466	1.97419528473967	1.92043961758798	-1.31253080238719	-0.920439617587975
2.74999999999999	0.433680235999852	0.381660992052345	1.97859974860895	1.92430237863246	-1.37357987707301	-0.924302378632458
2.75999999999999	0.419639191855693	0.372399039425069	1.98286685449051	1.92807271020933	-1.43462895175883	-0.928072710209327
2.76999999999998	0.404987656964676	0.363099847204182	1.9869904974769	1.93175023528857	-1.49567802644466	-0.931750235288567
2.77999999999998	0.3897256313268	0.353764345301157	1.99096457266065	1.93533458612073	-1.55672710113048	-0.935334586120733
2.78999999999998	0.373853114942067	0.344393467258405	1.99478297513428	1.93882540427373	-1.6177761758163	-0.938825404273731
2.79999999999998	0.357370107810475	0.33498815015592	1.99843959999034	1.94222234066865	-1.67882525050213	-0.942222340668653
2.80999999999998	0.340276609932025	0.325549334517575	2.00192834232134	1.94552505561469	-1.73987432518795	-0.945525055614691
2.81999999999998	0.322572621306716	0.316077964217069	2.00524309721982	1.9487332188431	-1.80092339987377	-0.948733218843102
2.82999999999998	0.309059182742188	0.306574986383539	2.00838392142489	1.95184650954024	0.00819973516437722	-0.951846509540237
2.83999999999998	0.308820226114547	0.297041351306848	2.01147385339247	1.95486461637962	-0.0559910606924657	-0.954864616379622
2.84999999999998	0.307939361528338	0.287478012342561	2.01455818625399	1.95778723755309	-0.120181856549309	-0.957787237553085
2.85999999999998	0.306416588983561	0.277885925816603	2.01763050092985	1.96061408080095	-0.184372652406151	-0.960614080800948
2.86999999999998	0.304251908480215	0.268266050929635	2.02068437834046	1.96334486344124	-0.248563448262994	-0.963344863441239
2.87999999999998	0.301445320018301	0.258619349661128	2.02371339940625	1.96597931239797	-0.312754244119837	-0.96597931239797
2.88999999999998	0.297996823597819	0.24894678667317	2.02671114504763	1.96851716422844	-0.37694503997668	-0.968517164228442
2.89999999999998	0.293906419218768	0.239249329214	2.02967119618502	1.97095816514959	-0.441135835833523	-0.970958165149586
2.90999999999998	0.289174106881149	0.229527947021282	2.03258713373881	1.97330207106334	-0.505326631690366	-0.973302071063344
2.91999999999998	0.283799886584961	0.219783612225135	2.03545253862944	1.97554864758108	-0.569517427547209	-0.975548647581079
2.92999999999998	0.277783758330205	0.210017299250917	2.03826099177732	1.97769767004701	-0.633708223404052	-0.977697670047009
2.93999999999998	0.27112572211688	0.200229984721789	2.04100607410285	1.97974892356068	-0.697899019260894	-0.979748923560681
2.94999999999998	0.263825777944987	0.190422647361046	2.04368136652646	1.98170220299845	-0.762089815117737	-0.98170220299845
2.95999999999998	0.255883925814526	0.180596267894252	2.04628044996856	1.983557313034	-0.82628061097458	-0.983557313034003
2.96999999999998	0.247300165725496	0.170751828951165	2.04879690534956	1.98531406815788	-0.890471406831423	-0.98531406815788
2.97999999999998	0.238074497677898	0.160890314967475	2.05122431358987	1.98697229269603	-0.954662202688266	-0.986972292696034
2.98999999999998	0.228206921671731	0.151012712086364	2.05355625560992	1.98853182082739	-1.01885299854511	-0.988531820827393
2.99999999999998	0.217697437706996	0.141120008059887	2.05578631233011	1.98999249660044	-1.08304379440195	-0.989992496600443
3.00999999999998	0.206546045783692	0.131213192150204	2.05790806467086	1.99135417394882	-1.14723459025879	-0.991354173948823
3.01999999999998	0.19475274590182	0.12129325503065	2.05991509355259	1.99261671670593	-1.21142538611564	-0.992616716705935
3.02999999999998	0.18231753806138	0.11136118868667	2.0618009798957	1.99377999861855	-1.27561618197248	-0.993779998618553
3.03999999999998	0.169240422262371	0.101417986316623	2.06355930462062	1.99484390335946	-1.33980697782932	-0.994843903359457
3.04999999999998	0.155521398504794	0.091464642232458	2.06518364864776	1.99580832453906	-1.40399777368617	-0.995808324539059
3.05999999999998	0.141160466788649	0.0815021517602904	2.06666759289752	1.99667316571604	-1.46818856954301	-0.996673165716045
3.06999999999998	0.126157627113935	0.071531511140865	2.06800471829033	1.99743834040702	-1.53237936539985	-0.997438340407017
3.07999999999998	0.110512879480652	0.0615537174299349	2.06918860574661	1.99810377209514	-1.59657016125669	-0.998103772095144
3.08999999999998	0.0942262238888013	0.0515697683985564	2.07021283618675	1.99866939423781	-1.66076095711354	-0.998669394237812
3.09999999999998	0.0772976603383821	0.0415806624333127	2.07107099053119	1.99913515027328	-1.72495175297038	-0.999135150273279
3.10999999999998	0.0597271888293945	0.0315873984364761	2.07175664970032	1.99950099362633	-1.78914254882722	-0.999500993626327
3.11999999999998	0.0415148093618384	0.0215909757261186	2.07226339461458	1.99976688771293	-1.85333334468407	-0.999766887712928
3.12999999999998	0.0226605219357139	0.0115923939361809	2.07258480619437	1.99993280594389	-1.91752414054091	-0.999932805943894
3.13999999999998	0.00316432655102106	0.00159265291650992	2.0727144653601	1.99999873172754	-1.98171493639775	-0.99999873172754
3.14999999999998	-0.000423209477110324	-0.00840724736712553	2.0727155106502	1.99996465847134	-0.0760010922667668	-0.999964658471342
3.15999999999998	-0.00148846577320708	-0.0184063069330303	2.07270646101624	1.9998305895826	-0.13705016695259	-0.999830589582599
3.16999999999998	-0.00316421281616206	-0.0284035258835803	2.07268370636558	1.99959653846809	-0.198099241638413	-0.999596538468086
3.17999999999998	-0.00545045060597526	-0.0383979045052114	2.07264114179076	1.99926252853272	-0.259148316324236	-0.999262528532722
3.18999999999998	-0.00834717914264667	-0.0483884433683902	2.07257266238431	1.99882859317722	-0.320197391010059	-0.99882859317722
3.19999999999998	-0.0118543984261763	-0.0583741434275557	2.07247216323875	1.99829477579475	-0.381246465695882	-0.998294775794754
3.20999999999998	-0.0159721084565642	-0.0683540061210234	2.07233353944663	1.99766112976662	-0.442295540381705	-0.997661129766619
3.21999999999998	-0.0207003092338102	-0.0783270334708405	2.07215068610046	1.99692771845689	-0.503344615067528	-0.996927718456889
3.22999999999998	-0.0260390007579145	-0.0882922281825828	2.0719174982928	1.99609461520608	-0.564393689753351	-0.996094615206083
3.23999999999997	-0.031988183028877	-0.0982485937450835	2.07162787111615	1.99516190332383	-0.625442764439174	-0.995161903323833
3.24999999999997	-0.0385478560466977	-0.108195134530083	2.07127569966306	1.99412967608055	-0.686491839124997	-0.994129676080549
3.25999999999997	-0.0457180198113767	-0.118130855891792	2.07085487902606	1.9929980366981	-0.74754091381082	-0.992998036698096
3.26999999999997	-0.0534986743229138	-0.128054764266354	2.07035930429768	1.99176709833947	-0.808589988496643	-0.991767098339468
3.27999999999997	-0.0618898195813092	-0.137965867271201	2.06978287057045	1.99043698409748	-0.869639063182467	-0.990436984097477
3.28999999999997	-0.0708914555865628	-0.147863173804293	2.0691194729369	1.98900782698244	-0.93068813786829	-0.989007826982437
3.29999999999997	-0.0805035823386746	-0.157745694143222	2.06836300648956	1.98747976990887	-0.991737212554113	-0.987479769908869
3.30999999999997	-0.0907261998376446	-0.167612440044192	2.06750736632097	1.98585296568121	-1.05278628723994	-0.985852965681208
3.31999999999997	-0.101559308083473	-0.177462424840834	2.06654644752365	1.98412757697852	-1.11383536192576	-0.984127576978519
3.32999999999997	-0.113002907076159	-0.187294663542877	2.06547414519014	1.98230377633824	-1.17488443661158	-0.982303776338237
3.33999999999997	-0.125056996815704	-0.197108172934643	2.06428435441297	1.9803817461389	-1.2359335112974	-0.980381746138904
3.34999999999997	-0.137721577302107	-0.206901971673373	2.06297097028467	1.97836167858194	-1.29698258598323	-0.97836167858194
3.35999999999997	-0.150996648535368	-0.216675080387353	2.06152788789777	1.97624377567242	-1.35803166066905	-0.976243775672416
3.36999999999997	-0.164882210515487	-0.226426521773856	2.05994900234481	1.97402824919886	-1.41908073535487	-0.974028249198858
3.37999999999997	-0.179378263242465	-0.23615532069687	2.05822820871831	1.97171532071207	-1.4801298100407	-0.971715320712069
3.38999999999997	-0.194484806716301	-0.245860504284609	2.0563594021108	1.96930522150297	-1.54117888472652	-0.969305221502968
3.39999999999997	-0.210201840936995	-0.255541102026804	2.05433647761482	1.96679819257947	-1.60222795941234	-0.966798192579468
3.40999999999997	-0.226529365904547	-0.265196145871746	2.0521533303229	1.96419448464237	-1.66327703409817	-0.964194484642373
3.41999999999997	-0.243467381618957	-0.274824670323096	2.04980385532758	1.96149435806031	-1.72432610878399	-0.961494358060307
3.42999999999997	-0.261015888080226	-0.284425712536434	2.04728194772137	1.95869808284368	-1.78537518346981	-0.958698082843677
3.43999999999997	-0.279174885288353	-0.29399831241554	2.04458150259682	1.95580593861767	-1.84642425815564	-0.955805938617675
3.44999999999997	-0.297944373243338	-0.303541512708401	2.04169641504645	1.95281821459431	-1.90747333284146	-0.952818214594314
3.45999999999997	-0.308964561996469	-0.313054359102942	2.03863833478658	1.94973520954351	1.01858831315915E-05	-0.949735209543505
3.46999999999997	-0.309254765739107	-0.32253590032245	2.03554772199057	1.94655723176319	-0.0580509344106095	-0.946557231763186
3.47999999999997	-0.310125580684681	-0.331985188220706	2.03245130410112	1.94328459904849	-0.116112054704351	-0.943284599048486
3.48999999999997	-0.311577006833194	-0.341401277876792	2.0293432750062	1.93991763865995	-0.174173174998092	-0.939917638659948
3.49999999999997	-0.313609044184643	-0.350783227689591	2.02621782859378	1.93645668729081	-0.232234295291833	-0.936456687290807
3.50999999999997	-0.31622169273903	-0.36013009947194	2.02306915875183	1.93290209103331	-0.290295415585574	-0.932902091033315
3.51999999999997	-0.319414952496355	-0.369440958544448	2.01989145936833	1.92925420534413	-0.348356535879315	-0.929254205344135
3.52999999999997	-0.323188823456616	-0.378714873828969	2.01667892433123	1.9255133950088	-0.406417656173056	-0.925513395008796
3.53999999999997	-0.327543305619815	-0.387950917941701	2.01342574752852	1.92168003410522	-0.464478776466797	-0.921680034105216
3.54999999999997	-0.332478398985952	-0.397148167285931	2.01012612284816	1.91775450596629	-0.522539896760538	-0.917754505966288
3.55999999999997	-0.337994103555026	-0.406305702144388	2.00677424417812	1.91373720314156	-0.58060101705428	-0.913737203141558
3.56999999999997	-0.344090419327037	-0.415422606771217	2.00336430540638	1.90962852735796	-0.638662137348021	-0.909628527357958
3.57999999999997	-0.350767346301986	-0.424497969483553	1.99989050042091	1.90542888947964	-0.696723257641762	-0.905428889479643
3.58999999999997	-0.358024884479872	-0.433530882752688	1.99634702310967	1.9011387094669	-0.754784377935503	-0.901138709466903
3.59999999999997	-0.365863033860696	-0.442520443294823	1.99272806736063	1.89675841633416	-0.812845498229244	-0.896758416334162
3.60999999999997	-0.374281794444457	-0.451465752161394	1.98902782706178	1.89228844810708	-0.870906618522985	-0.892288448107083
3.61999999999997	-0.383281166231155	-0.460365914828969	1.98524049610107	1.88772925177877	-0.928967738816726	-0.887729251778765
3.62999999999997	-0.392861149220791	-0.469220041288698	1.98136026836648	1.88308128326504	-0.987028859110467	-0.883081283265042
3.63999999999997	-0.403021743413364	-0.478027246135313	1.97738133774597	1.87834500735889	-1.04508997940421	-0.87834500735889
3.64999999999997	-0.413762948808875	-0.48678664865567	1.97329789812753	1.87352089768395	-1.10315109969795	-0.873520897683954
3.65999999999997	-0.425084765407323	-0.495497372916815	1.96910414339912	1.86860943664718	-1.16121221999169	-0.868609436647182
3.66999999999997	-0.436987193208708	-0.504158547853582	1.96479426744871	1.86361111539058	-1.21927334028543	-0.863611115390583
3.67999999999997	-0.449470232213031	-0.512769307355694	1.96036246416427	1.85852643374212	-1.27733446057917	-0.858526433742119
3.68999999999997	-0.462533882420291	-0.521328790354377	1.95580292743377	1.85335590016572	-1.33539558087291	-0.853355900165718
3.69999999999997	-0.476178143830489	-0.529836140908464	1.95110985114519	1.84810003171043	-1.39345670116666	-0.848100031710427
3.70999999999996	-0.490403016443624	-0.538290508289988	1.94627742918649	1.84275935395871	-1.4515178214604	-0.842759353958712
3.71999999999996	-0.505208500259696	-0.546691047069257	1.94129985544564	1.8373344009739	-1.50957894175414	-0.837334400973899
3.72999999999996	-0.520594595278706	-0.555036917199394	1.93617132381062	1.83182571524677	-1.56764006204788	-0.831825715246765
3.73999999999996	-0.536561301500653	-0.56332728410034	1.93088602816939	1.82623384764129	-1.62570118234162	-0.826233847641292
3.74999999999996	-0.553108618925537	-0.571561318742314	1.92543816240993	1.82055935733958	-1.68376230263536	-0.820559357339581
3.75999999999996	-0.570236547553359	-0.579738197728713	1.9198219204202	1.81480281178593	-1.7418234229291	-0.814802811785933
3.76999999999996	-0.587778911707431	-0.587857103378453	1.91403150346764	1.80896478663011	0.0711710398284234	-0.808964786630107
3.77999999999996	-0.587314150003705	-0.595917223807735	1.90815644974024	1.80304586566975	0.0217813009167272	-0.803045865669753
3.78999999999996	-0.587343285689097	-0.603917753011231	1.90228357414293	1.79704664079203	-0.0276084379949689	-0.797046640792034
3.79999999999996	-0.587866318763605	-0.61185789094269	1.89640793770183	1.79096771191444	-0.076998176906665	-0.790967711914439
3.80999999999996	-0.58888324922723	-0.619736843594934	1.89052460144303	1.78480968692479	-0.126387915818361	-0.784809686924791
3.81999999999996	-0.590394077079972	-0.627553823079264	1.88462862639265	1.77857318162046	-0.175777654730057	-0.778573181620456
3.82999999999996	-0.592398802321831	-0.635308047704247	1.8787150735768	1.77225881964677	-0.225167393641753	-0.772258819646768
3.83999999999996	-0.594897424952807	-0.64299874205388	1.87277900402159	1.76586723243466	-0.274557132553449	-0.765867232434662
3.84999999999996	-0.5978899449729	-0.650625137065138	1.86681547875312	1.75939905913753	-0.323946871465146	-0.759399059137533
3.85999999999996	-0.60137636238211	-0.658186470104876	1.8608195587975	1.75285494656732	-0.373336610376842	-0.75285494656732
3.86999999999996	-0.605356677180436	-0.66568198504609	1.85478630518084	1.74623554912983	-0.422726349288538	-0.746235549129829
3.87999999999996	-0.60983088936788	-0.673110932343533	1.84871077892926	1.73954152875928	-0.472116088200234	-0.739541528759284
3.88999999999996	-0.614798998944441	-0.680472569108665	1.84258804106886	1.73277355485215	-0.52150582711193	-0.732773554852147
3.89999999999996	-0.620261005910118	-0.687766159183945	1.83641315262574	1.72593230420017	-0.570895566023626	-0.725932304200167
3.90999999999996	-0.626216910264913	-0.694990973216444	1.83018117462602	1.71901846092271	-0.620285304935322	-0.719018460922709
3.91999999999996	-0.632666712008825	-0.702146288730777	1.82388716809581	1.71203271639834	-0.669675043847018	-0.712032716398338
3.92999999999996	-0.639610411141853	-0.709231390201358	1.81752619406122	1.70497576919569	-0.719064782758714	-0.704975769195686
3.93999999999996	-0.647048007663999	-0.716245569123943	1.81109331354834	1.69784832500359	-0.768454521670411	-0.697848325003592
3.94999999999996	-0.654979501575261	-0.723188124086484	1.80458358758331	1.69065109656054	-0.817844260582107	-0.690651096560537
3.95999999999996	-0.66340489287564	-0.730058360839272	1.79799207719221	1.68338480358337	-0.867233999493803	-0.683384803583366
3.96999999999996	-0.672324181565137	-0.736855592364356	1.79131384340116	1.67605017269532	-0.916623738405499	-0.676050172695322
3.97999999999996	-0.68173736764375	-0.743579138944247	1.78454394723628	1.66864793735338	-0.966013477317195	-0.668647937353382
3.98999999999996	-0.69164445111148	-0.750228328229892	1.77767744972366	1.66117883777491	-1.01540321622889	-0.661178837774911
3.99999999999996	-0.702045431968327	-0.756802495307901	1.77070941188942	1.65364362086364	-1.06479295514059	-0.653643620863643
4.00999999999996	-0.712940310214292	-0.763300982767047	1.76363489475966	1.64604304013499	-1.11418269405229	-0.64604304013499
4.01999999999996	-0.724329085849373	-0.769723140763998	1.7564489593605	1.63837785564069	-1.16357243296398	-0.638377855640691
4.02999999999996	-0.736211758873571	-0.776068327088306	1.74914666671804	1.63064883389281	-1.21296217187568	-0.630648833892808
4.03999999999996	-0.748588329286886	-0.782335907226627	1.7417230778584	1.62285674778707	-1.26235191078737	-0.622856747787074
4.04999999999996	-0.761458797089318	-0.788525254426169	1.73417325380768	1.61500237652561	-1.31174164969907	-0.615002376525607
4.05999999999996	-0.774823162280867	-0.794635749757372	1.72649225559198	1.60708650553899	-1.36113138861077	-0.607086505538988
4.06999999999996	-0.788681424861533	-0.800666782175792	1.71867514423743	1.59910992640772	-1.41052112752246	-0.599109926407719
4.07999999999996	-0.803033584831316	-0.806617748583215	1.71071698077012	1.59107343678307	-1.45991086643416	-0.591073436783066
4.08999999999996	-0.807858577239896	-0.812488053887959	1.70264252360553	1.58297784030729	0.182907368800481	-0.582977840307294
4.09999999999996	-0.806239570658539	-0.818277111064386	1.69457238297788	1.5748239465333	0.140893947470951	-0.574823946533304
4.10999999999996	-0.805040698290477	-0.823984341211601	1.68651633174498	1.56661257084368	0.0988805261414202	-0.56661257084368
4.11999999999996	-0.80426196013571	-0.829609173611347	1.6784701685647	1.55834453436915	0.0568671048118897	-0.558344534369146
4.12999999999996	-0.803903356194239	-0.83515104578507	1.67042969209489	1.55002066390646	0.0148536834823592	-0.550020663906461
4.13999999999996	-0.803964886466063	-0.840609403550171	1.66239070099343	1.54164179183574	-0.0271597378471713	-0.541641791835735
4.14999999999996	-0.804446550951182	-0.845983701075423	1.65434899391819	1.53320875603719	-0.0691731591767017	-0.533208756037192
4.15999999999996	-0.805348349649597	-0.851273400935551	1.64630036952703	1.52472239980738	-0.111186580506232	-0.524722399807384
4.16999999999996	-0.806670282561307	-0.856477974164978	1.63824062647782	1.51618357177486	-0.153200001835763	-0.516183571774863
4.17999999999996	-0.808412349686312	-0.861596900310718	1.63016556342843	1.50759312581532	-0.195213423165293	-0.507593125815316
4.18999999999996	-0.810574551024613	-0.866629667484422	1.62207097903672	1.49895192096618	-0.237226844494824	-0.49895192096618
4.19999999999995	-0.813156886576208	-0.871575772413566	1.61395267196056	1.49026082134074	-0.279240265824354	-0.490260821340739
4.20999999999995	-0.8161593563411	-0.87643472049178	1.60580644085782	1.48152069604171	-0.321253687153885	-0.481520696041713
4.21999999999995	-0.819581960319286	-0.881206025828304	1.59762808438636	1.47273241907435	-0.363267108483415	-0.47273241907435
4.22999999999995	-0.823424698510768	-0.885889211296581	1.58941340120406	1.46389686925902	-0.405280529812946	-0.463896869259021
4.23999999999995	-0.827687570915545	-0.890483808581968	1.58115818996877	1.45501493014335	-0.447293951142476	-0.455014930143346
4.24999999999995	-0.832370577533617	-0.894989358228563	1.57285824933837	1.44608748991383	-0.489307372472006	-0.446087489913834
4.25999999999995	-0.837473718364985	-0.899405409685157	1.56450937797072	1.43711544130707	-0.531320793801537	-0.437115441307069
4.26999999999995	-0.842996993409648	-0.903731521350286	1.55610737452369	1.42809968152044	-0.573334215131067	-0.428099681520436
4.27999999999995	-0.848940402667606	-0.907967260616386	1.54764803765515	1.4190411121224	-0.615347636460598	-0.419041112122398
4.28999999999995	-0.855303946138859	-0.912112203913061	1.53912716602296	1.40994063896235	-0.657361057790128	-0.409940638962349
4.29999999999995	-0.862087623823408	-0.916165936749436	1.53054055828499	1.40079917208002	-0.699374479119659	-0.400799172080019
4.30999999999995	-0.869291435721252	-0.920128053755605	1.52188401309912	1.39161762561448	-0.741387900449189	-0.391617625614479
4.31999999999995	-0.876915381832392	-0.92399815872317	1.51315332912319	1.38239691771272	-0.78340132177872	-0.382396917712725
4.32999999999995	-0.884959462156826	-0.927775864644858	1.50434430501509	1.37313797043786	-0.82541474310825	-0.373137970437862
4.33999999999995	-0.893423676694556	-0.931460793753225	1.49545273943268	1.3638417096769	-0.867428164437781	-0.363841709676903
4.34999999999995	-0.902308025445582	-0.935052577558432	1.48647443103382	1.35450906504818	-0.909441585767311	-0.354509065048177
4.35999999999995	-0.911612508409902	-0.938550856885091	1.47740517847639	1.34514096980837	-0.951455007096842	-0.345140969808369
4.36999999999995	-0.921337125587518	-0.941955281908185	1.46824078041825	1.3357383607592	-0.993468428426372	-0.335738360759197
4.37999999999995	-0.931481876978429	-0.945265512188047	1.45897703551726	1.32630217815373	-1.0354818497559	-0.32630217815373
4.38999999999995	-0.942046762582636	-0.94848121670441	1.4496097424313	1.31683336560236	-1.07749527108543	-0.316833365602365
4.39999999999995	-0.950488282244407	-0.951602073889501	1.44013695064712	1.30733286997847	0.318282651097942	-0.307332869978467
4.40999999999995	-0.947458078420142	-0.954627771660202	1.43064747321495	1.29780164132368	0.28775811375503	-0.297801641323681
4.41999999999995	-0.944733119969306	-0.957558007449257	1.42118677159414	1.28824063275293	0.257233576412119	-0.288240632752929
4.42999999999995	-0.9423134068919	-0.960392488235529	1.41175179333098	1.2786508003591	0.226709039069208	-0.278650800359102
4.43999999999995	-0.940198939187922	-0.963130930573303	1.40233948597173	1.26903310311745	0.196184501726296	-0.269033103117448
4.44999999999995	-0.938389716857374	-0.965773060620626	1.39294679706265	1.25938850278968	0.165659964383385	-0.259388502789675
4.45999999999995	-0.936885739900255	-0.968318614166695	1.38357067415	1.24971796382778	0.135135427040474	-0.24971796382778
4.46999999999995	-0.935687008316564	-0.970767336658276	1.37420806478006	1.2400224532776	0.104610889697562	-0.240022453277599
4.47999999999995	-0.934793522106303	-0.973118983225162	1.36485591649909	1.23030294068211	0.0740863523546508	-0.230302940682109
4.48999999999995	-0.934205281269471	-0.975373318704655	1.35551117685336	1.22056039798447	0.0435618150117394	-0.220560397984469
4.49999999999995	-0.933922285806069	-0.977530117665086	1.34617079338913	1.21079579943083	0.0130372776688281	-0.21079579943083
4.50999999999995	-0.933944535716095	-0.979589164428357	1.33683171365266	1.20101012147291	-0.0174872596740833	-0.201010121472911
4.51999999999995	-0.93427203099955	-0.981550253091506	1.32749088519023	1.19120434267035	-0.0480117970169947	-0.191204342670352
4.52999999999995	-0.934904771656435	-0.983413187547301	1.31814525554809	1.18137944359286	-0.078536334359906	-0.181379443592863
4.53999999999995	-0.935842757686748	-0.98517778150385	1.30879177227252	1.17153640672216	-0.109060871702817	-0.171536406722163
4.54999999999995	-0.937085989090491	-0.986843858503228	1.29942738290978	1.16167621635374	-0.139585409045729	-0.161676216353738
4.55999999999995	-0.938634465867663	-0.988411251939122	1.29004903500613	1.15179985849841	-0.17010994638864	-0.151799858498407
4.56999999999995	-0.940488188018264	-0.989879805073496	1.28065367610785	1.14190832078373	-0.200634483731552	-0.141908320783726
4.57999999999995	-0.942647155542294	-0.99124937105226	1.27123825376119	1.13200259235522	-0.231159021074463	-0.132002592355223
4.58999999999995	-0.945111368439753	-0.992519812919957	1.26179971551243	1.12208366377749	-0.261683558417374	-0.122083663777486
4.59999999999995	-0.947880826710641	-0.993691003633458	1.25233500890782	1.11215252693511	-0.292208095760286	-0.112152526935108
4.60999999999995	-0.950955530354959	-0.99476282607467	1.24284108149363	1.1022101749335	-0.322732633103197	-0.102210174933496
4.61999999999995	-0.954335479372705	-0.99573517306224	1.23331488081614	1.09225760199957	-0.353257170446108	-0.0922576019995656
4.62999999999995	-0.958020673763881	-0.996607947362281	1.2237533544216	1.08229580338232	-0.38378170778902	-0.0822958033823164
4.63999999999995	-0.962011113528485	-0.997381061698089	1.21415344985629	1.07232577525331	-0.414306245131931	-0.0723257752533085
4.64999999999995	-0.966306798666519	-0.998054438758876	1.20451211466646	1.06234851460705	-0.444830782474842	-0.0623485146070466
4.65999999999995	-0.970907729177982	-0.998628011207496	1.19482629639838	1.05236501916128	-0.475355319817754	-0.0523650191612809
4.66999999999994	-0.975813905062874	-0.999101721687182	1.18509294259832	1.04237628725724	-0.505879857160665	-0.0423762872572365
4.67999999999994	-0.981025326321195	-0.999475522827282	1.17530900081254	1.03238331775978	-0.536404394503577	-0.0323833177597798
4.68999999999994	-0.986541992952945	-0.999749377247993	1.16547141858732	1.02238710995753	-0.566928931846488	-0.0223871099575331
4.69999999999994	-0.992363904958125	-0.9999232575641	1.15557714346891	1.01238866346295	-0.597453469189399	-0.0123886634629465
4.70999999999994	-0.998491062336733	-0.999997146387718	1.14562312300358	1.00238897811234	-0.627978006532311	-0.00238897811233749
4.71999999999994	-0.996227113228858	-0.999971036330025	1.13563936812184	0.992389053865908	0.487274088475645	0.00761094613409195
4.72999999999994	-0.991465259216738	-0.999844930002005	1.12570109107106	0.98238989070775	0.465096713948332	0.0176101092922504
4.73999999999994	-0.986925178949891	-0.999618840014187	1.11580932369169	0.972392488545845	0.442919339421018	0.0276075114541547
4.74999999999994	-0.982606872428318	-0.99929278897538	1.10596184824625	0.96239784711208	0.420741964893705	0.0376021528879198
4.75999999999994	-0.978510339652017	-0.998866809490417	1.0961564469973	0.952406965862269	0.398564590366392	0.047593034137731
4.76999999999994	-0.97463558062099	-0.998340944156891	1.08639090220739	0.942420843876211	0.376387215839079	0.0575791561237893
4.77999999999994	-0.970982595335236	-0.997715245560897	1.07666299613906	0.932440479757782	0.354209841311766	0.0675595202422176
4.78999999999994	-0.967551383794755	-0.996989776271774	1.06697051105487	0.922466871535079	0.332032466784453	0.0775331284649211
4.79999999999994	-0.964341945999547	-0.996164608835846	1.05731122921735	0.912501016560611	0.30985509225714	0.0874989834393889
4.80999999999994	-0.961354281949612	-0.995239825769168	1.04768293288906	0.902543911411572	0.287677717729827	0.0974560885884283
4.81999999999994	-0.95858839164495	-0.994215519549278	1.03808340433254	0.892596551790178	0.265500343202514	0.107403448209822
4.82999999999994	-0.956044275085562	-0.993091792605942	1.02851042581035	0.882659932424103	0.243322968675201	0.117340067575897
4.83999999999994	-0.953721932271447	-0.99186875731092	1.01896177958501	0.872735046967002	0.221145594147887	0.127264953032998
4.84999999999994	-0.951621363202604	-0.990546535966721	1.0094352479191	0.862822887899151	0.198968219620574	0.137177112100849
4.85999999999994	-0.949742567879035	-0.989125260794379	0.999928613075145	0.852924446428196	0.176790845093261	0.147075553571804
4.86999999999994	-0.948085546300739	-0.987605073920225	0.990439657315701	0.843040712390035	0.154613470565948	0.156959287609965
4.87999999999994	-0.946650298467716	-0.98598612736168	0.980966162903313	0.833172674149837	0.132436096038635	0.166827325850163
4.88999999999994	-0.945436824379966	-0.984268583012052	0.97150591210053	0.823321318503201	0.110258721511322	0.176678681496799
4.89999999999994	-0.94444512403749	-0.982452612624344	0.962056687169897	0.813487630577484	0.0880813469840088	0.186512369422516
4.90999999999994	-0.943675197440286	-0.980538397794081	0.952616270373962	0.803672593733282	0.0659039724566957	0.196327406266718
4.91999999999994	-0.943127044588356	-0.978526129941151	0.943182443975274	0.793877189466101	0.0437265979293826	0.206122810533899
4.92999999999994	-0.942800665481699	-0.976416010290663	0.933752990236378	0.784102397308205	0.0215492234020695	0.215897602691795
4.93999999999994	-0.942696060120314	-0.974208249852823	0.924325691419823	0.774349194730664	-0.000628151125243614	0.225650805269336
4.94999999999994	-0.942813228504204	-0.971903069401835	0.914898329788155	0.764618557045608	-0.0228055256525568	0.235381442954392
4.95999999999994	-0.943152170633366	-0.969500699453824	0.905468687603922	0.754911457308698	-0.0449829001798698	0.245088542691302
4.96999999999994	-0.943712886507801	-0.967001380243782	0.89603454712967	0.745228866221816	-0.067160274707183	0.254771133778184
4.97999999999994	-0.944495376127509	-0.964405361701547	0.886593690627948	0.735571752036004	-0.0893376492344961	0.264428247963996
4.98999999999994	-0.945499639492491	-0.96171290342681	0.877143900361303	0.725941080454632	-0.111515023761809	0.274058919545368
4.99999999999994	-0.946725676602745	-0.958924274663156	0.867682958592281	0.716337814536833	-0.133692398289122	0.283662185463167
5.00999999999994	-0.948173487458273	-0.956039754271136	0.858208647583431	0.706762914601196	-0.155869772816435	0.293237085398804
5.01999999999994	-0.949843072059074	-0.953059630700387	0.848718749597299	0.697217338129736	-0.178047147343748	0.302782661870264
5.02999999999994	-0.948870665296493	-0.94998420196078	0.8392159857984	0.687702039672144	0.631245742440517	0.312297960327856
5.03999999999994	-0.942616504550959	-0.946813775592629	0.829758647110295	0.678217970750338	0.61958640666639	0.321782029249662
5.04999999999994	-0.936478937163166	-0.943548668635927	0.820363267062856	0.668766079763306	0.607927070892263	0.331233920236694
5.05999999999994	-0.930457963133114	-0.94018920759865	0.811028679722506	0.65934731189227	0.596267735118137	0.34065268810773
5.06999999999994	-0.924553582460803	-0.936735728424101	0.801753719155668	0.649962609006169	0.58460839934401	0.350037390993831
5.07999999999994	-0.918765795146234	-0.933188576457321	0.792537219428765	0.64061290956747	0.572949063569883	0.35938709043253
5.08999999999994	-0.913094601189406	-0.929548106410549	0.783378014608218	0.631299148538326	0.561289727795757	0.368700851461674
5.09999999999994	-0.907540000590319	-0.925814682327757	0.774274938760451	0.622022257287079	0.54963039202163	0.377977742712921
5.10999999999994	-0.902101993348973	-0.921988677548241	0.765226825951886	0.612783163495123	0.537971056247503	0.387216836504877
5.11999999999994	-0.896780579465369	-0.918070474669293	0.756232510248946	0.603582791064137	0.526311720473377	0.396417208935863
5.12999999999994	-0.891575758939506	-0.914060465507933	0.747290825718053	0.594422060023699	0.51465238469925	0.405577939976301
5.13999999999993	-0.886487531771384	-0.909959051061738	0.738400606425631	0.585301886439277	0.502993048925124	0.414698113560723
5.14999999999993	-0.881515897961004	-0.905766641468732	0.7295606864381	0.576223182320631	0.491333713150997	0.423776817679369
5.15999999999993	-0.876660857508364	-0.901483655966383	0.720769899821885	0.567186855530607	0.47967437737687	0.432813144469393
5.16999999999993	-0.871922410413466	-0.897110522849671	0.712027080643408	0.558193809694354	0.468015041602744	0.441806190305646
5.17999999999993	-0.86730055667631	-0.892647679428264	0.70333106296909	0.54924494410896	0.456355705828617	0.45075505589104
5.18999999999993	-0.862795296296894	-0.888095571982785	0.694680680865356	0.540341153653527	0.44469637005449	0.459658846346473
5.19999999999993	-0.85840662927522	-0.883454655720184	0.686074768398627	0.531483328699682	0.433037034280364	0.468516671300318
5.20999999999993	-0.854134555611287	-0.878725394728222	0.677512159635326	0.522672355022537	0.421377698506237	0.477327644977463
5.21999999999993	-0.849979075305096	-0.873908261929055	0.668991688641876	0.513909113712118	0.40971836273211	0.486090886287882
5.22999999999993	-0.845940188356645	-0.86900373903195	0.660512189484699	0.505194481085254	0.398059026957984	0.494805518914746
5.23999999999993	-0.842017894765936	-0.864012316485108	0.652072496230217	0.496529328597944	0.386399691183857	0.503470671402056
5.24999999999993	-0.838212194532968	-0.858934493426627	0.643671442944855	0.487914522758217	0.37474035540973	0.512085477241783
5.25999999999993	-0.834523087657742	-0.853770777634579	0.635307863695033	0.479350925039478	0.363081019635604	0.520649074960522
5.26999999999993	-0.830950574140256	-0.84852168547624	0.626980592547174	0.470839391794362	0.351421683861477	0.529160608205638
5.27999999999993	-0.827494653980512	-0.843187741856454	0.618688463567702	0.462380774169101	0.339762348087351	0.537619225830899
5.28999999999993	-0.824155327178509	-0.837769480165135	0.610430310823039	0.453975918018409	0.328103012313224	0.546024081981591
5.29999999999993	-0.820932593734248	-0.832267442223939	0.602204968379606	0.445625663820896	0.316443676539097	0.554374336179104
5.30999999999993	-0.817826453647728	-0.826682178232075	0.594011270303828	0.437330846595024	0.304784340764971	0.562669153404976
5.31999999999993	-0.814836906918949	-0.821014246711287	0.585848050662126	0.429092295815603	0.293125004990844	0.570907704184397
5.32999999999993	-0.811963953547911	-0.815264214450004	0.577714143520924	0.420910835330846	0.281465669216717	0.579089164669154
5.33999999999993	-0.809207593534614	-0.80943265644666	0.569608382946643	0.412787283279983	0.269806333442591	0.587212716720017
5.34999999999993	-0.801604940705567	-0.803520155852197	0.561552624812599	0.40472245201145	0.794791230803391	0.59527754798855
5.35999999999993	-0.793687676775349	-0.797527303911747	0.553576212805824	0.396717148001652	0.788661555240289	0.603282851998348
5.36999999999993	-0.785831709600762	-0.791454699905509	0.545678666954573	0.38877217177432	0.782531879677186	0.61122782822568
5.37999999999993	-0.778037039181806	-0.785302951088824	0.53785937429129	0.380888317820456	0.776402204114084	0.619111682179544
5.38999999999993	-0.770303665518481	-0.779072672631447	0.530117721848419	0.373066374518886	0.770272528550982	0.626933625481114
5.39999999999993	-0.762631588610787	-0.772764487556032	0.522453096658402	0.36530712405742	0.76414285298788	0.63469287594258
5.40999999999993	-0.755020808458723	-0.76637902667583	0.514864885753685	0.35761134235464	0.758013177424778	0.64238865764536
5.41999999999993	-0.747471325062291	-0.759916928531607	0.507352476166709	0.349979798982302	0.751883501861676	0.650020201017698
5.42999999999993	-0.73998313842149	-0.753378839327793	0.49991525492992	0.342413257088385	0.745753826298574	0.657586742911615
5.43999999999993	-0.73255624853632	-0.74676541286786	0.492552609075761	0.334912473320771	0.739624150735472	0.665087526679229
5.44999999999993	-0.725190655406781	-0.740077310488943	0.485263925636675	0.327478197751587	0.733494475172369	0.672521802248413
5.45999999999993	-0.717886359032873	-0.733315200995705	0.478048591645107	0.320111173802196	0.727364799609267	0.679888826197804
5.46999999999993	-0.710643359414596	-0.726479760593463	0.470905994133499	0.312812138168852	0.721235124046165	0.687187861831148
5.47999999999993	-0.70346165655195	-0.719571672820558	0.463835520134297	0.305581820749036	0.715105448483063	0.694418179250964
5.48999999999993	-0.696341250444935	-0.712591628480013	0.456836556679942	0.298420944568466	0.708975772919961	0.701579055431534
5.49999999999993	-0.689282141093551	-0.705540325570444	0.449908490802879	0.291330225708791	0.702846097356859	0.708669774291209
5.50999999999993	-0.682284328497798	-0.698418469216266	0.443050709535552	0.28431037323599	0.696716421793757	0.71568962676401
5.51999999999993	-0.675347812657676	-0.69122677159718	0.436262599910405	0.277362089129459	0.690586746230654	0.722637910870541
5.52999999999993	-0.668472593573185	-0.683965951876954	0.429543548959881	0.270486068211818	0.684457070667552	0.729513931788182
5.53999999999993	-0.661658671244326	-0.676636736131511	0.422892943716423	0.263682998079431	0.67832739510445	0.736317001920569
5.54999999999993	-0.654906045671097	-0.669239857276317	0.416310171212475	0.256953559033639	0.672197719541348	0.743046440966361
5.55999999999993	-0.648214716853499	-0.661776054993093	0.409794618480482	0.250298424012742	0.666068043978246	0.749701575987258
5.56999999999993	-0.641584684791532	-0.654246075655848	0.403345672552887	0.243718258524693	0.659938368415144	0.756281741475307
5.57999999999993	-0.635015949485196	-0.64665067225624	0.396962720462133	0.23721372058056	0.653808692852042	0.76278627941944
5.58999999999993	-0.628508510934492	-0.638990604328281	0.390645149240665	0.230785460628715	0.64767901728894	0.769214539371285
5.59999999999993	-0.622062369139418	-0.631266637872379	0.384392345920925	0.224434121489798	0.641549341725837	0.775565878510202
5.60999999999992	-0.615677524099975	-0.623479545278744	0.378203697535358	0.218160338292428	0.635419666162735	0.781839661707572
5.61999999999992	-0.609353975816163	-0.615630105250146	0.372078591116407	0.211964738409699	0.629289990599633	0.788035261590301
5.62999999999992	-0.603091724287983	-0.607719102724046	0.366016413696516	0.205847941396435	0.623160315036531	0.794152058603565
5.63999999999992	-0.596890769515433	-0.599747328794104	0.360016552308129	0.19981055892724	0.617030639473429	0.80018944107276
5.64999999999992	-0.590751111498514	-0.591715580631071	0.354078393983689	0.193853194735329	0.610900963910327	0.806146805264671
5.65999999999992	-0.583230302173029	-0.583624661403069	0.348205021050634	0.187976444552159	0.88734692449381	0.812023555447841
5.66999999999992	-0.574356832928091	-0.57547538019528	0.342417085375128	0.182180896047849	0.88734692449381	0.817819103952151
5.67999999999992	-0.565483363683153	-0.567268551929032	0.336717884392072	0.176467128772421	0.88734692449381	0.823532871227579
5.68999999999992	-0.556609894438215	-0.559004997280313	0.331107418101465	0.170835714097841	0.88734692449381	0.829164285902159
5.69999999999992	-0.547736425193277	-0.550685542597702	0.325585686503308	0.165287215160883	0.88734692449381	0.834712784839117
5.70999999999992	-0.538862955948339	-0.542311019819735	0.3201526895976	0.159822186806817	0.88734692449381	0.840177813193183
5.71999999999992	-0.529989486703402	-0.53388226639171	0.314808427384341	0.154441175533924	0.88734692449381	0.845558824466076
5.72999999999992	-0.521116017458464	-0.525400125181946	0.309552899863532	0.149144719438849	0.88734692449381	0.850855280561151
5.73999999999992	-0.512242548213526	-0.516865444397496	0.304386107035172	0.143933348162785	0.88734692449381	0.856066651837215
5.74999999999992	-0.503369078968588	-0.508279077499326	0.299308048899262	0.138807582838519	0.88734692449381	0.861192417161481
5.75999999999992	-0.49449560972365	-0.49964188311697	0.294318725455801	0.133767936038311	0.88734692449381	0.866232063961689
5.76999999999992	-0.485622140478712	-0.49095472496267	0.289418136704789	0.128814911722641	0.88734692449381	0.871185088277359
5.77999999999992	-0.476748671233774	-0.482218471745001	0.284606282646227	0.123949005189814	0.88734692449381	0.876050994810186
5.78999999999992	-0.467875201988836	-0.473433997082005	0.279883163280114	0.119170703026428	0.88734692449381	0.880829296973572
5.79999999999992	-0.459001732743898	-0.464602179413827	0.27524877860645	0.114480483058718	0.88734692449381	0.885519516941282
5.80999999999992	-0.45012826349896	-0.455723901914876	0.270703128625236	0.109878814304771	0.88734692449381	0.890121185695229
5.81999999999992	-0.441254794254022	-0.446800052405502	0.266246213336471	0.105366156927628	0.88734692449381	0.894633843072372
5.82999999999992	-0.432381325009085	-0.437831523263219	0.261878032740156	0.100942962189267	0.88734692449381	0.899057037810733
5.83999999999992	-0.423507855764147	-0.428819211333468	0.25759858683629	0.0966096724054755	0.88734692449381	0.903390327594525
5.84999999999992	-0.414634386519209	-0.419764017839932	0.253407875624873	0.0923667209016203	0.88734692449381	0.90763327909838
5.85999999999992	-0.405760917274271	-0.410666848294415	0.249305899105906	0.0882145319693166	0.88734692449381	0.911785468030683
5.86999999999992	-0.396887448029333	-0.401528612406289	0.245292657279388	0.0841535208239973	0.88734692449381	0.915846479176003
5.87999999999992	-0.388013978784395	-0.392350223991528	0.241368150145319	0.0801840935633926	0.88734692449381	0.919815906436607
5.88999999999992	-0.379140509539457	-0.383132600881326	0.2375323777037	0.0763066471269209	0.88734692449381	0.923693352873079
5.89999999999992	-0.370267040294519	-0.373876664830312	0.23378533995453	0.0725215692559946	0.88734692449381	0.927478430744005
5.90999999999992	-0.361393571049581	-0.364583341424377	0.23012703689781	0.0688292384552467	0.88734692449381	0.931170761544753
5.91999999999992	-0.352520101804643	-0.355253559988119	0.226557468533539	0.0652300239546801	0.88734692449381	0.93476997604532
5.92999999999992	-0.343646632559705	-0.345888253491906	0.223076634861717	0.0617242856727457	0.887346924493809	0.938275714327254
5.93999999999992	-0.334773163314768	-0.336488358458582	0.219684535882345	0.0583123741803502	0.887346924493809	0.94168762581965
5.94999999999992	-0.32589969406983	-0.327054814869819	0.216381171595422	0.0549946306657996	0.887346924493809	0.9450053693342
5.95999999999992	-0.317026224824892	-0.317588566072113	0.213166542000948	0.0517713869006805	0.887346924493809	0.94822861309932
5.96999999999992	-0.308058978290741	-0.308090558682457	0.210040692766503	0.0486429652066834	0.983631643083465	0.951357034793317
5.97999999999992	-0.298222661859907	-0.298561742493673	0.20700928456575	0.0456096784233709	0.983631643083465	0.954390321576629
5.98999999999992	-0.288386345429072	-0.289003070379441	0.204076239529305	0.0426718298768933	0.983631643083465	0.957328170123107
5.99999999999992	-0.278550028998238	-0.279415498199006	0.201241557657169	0.0398297133496573	0.983631643083465	0.960170286650343
6.00999999999992	-0.268713712567403	-0.269799984701597	0.19850523894934	0.0370836130509471	0.983631643083465	0.962916386949053
6.01999999999992	-0.258877396136569	-0.26015749143055	0.195867283405821	0.034433803588504	0.983631643083465	0.965566196411496
6.02999999999992	-0.249041079705734	-0.250488982627157	0.193327691026609	0.0318805499410664	0.983631643083465	0.968119450058934
6.03999999999992	-0.2392047632749	-0.240795425134241	0.190886461811706	0.0294241074318711	0.983631643083465	0.970575892568129
6.04999999999992	-0.229368446844066	-0.231077788299474	0.188543595761111	0.027064721703122	0.983631643083465	0.972935278296878
6.05999999999992	-0.219532130413231	-0.221337043878442	0.186299092874825	0.024802628691426	0.983631643083465	0.975197371308574
6.06999999999992	-0.209695813982397	-0.211574165937468	0.184152953152847	0.0226380546041991	0.983631643083465	0.977361945395801
6.07999999999991	-0.199859497551562	-0.201790130756212	0.182105176595177	0.0205712158970461	0.983631643083465	0.979428784102954
6.08999999999991	-0.190023181120728	-0.191985916730039	0.180155763201816	0.0186023192521155	0.983631643083465	0.981397680747884
6.09999999999991	-0.180186864689893	-0.18216250427218	0.178304712972763	0.0167315615574311	0.983631643083465	0.983268438442569
6.10999999999991	-0.170350548259059	-0.172320875715695	0.176552025908018	0.0149591298872032	0.983631643083465	0.985040870112797
6.11999999999991	-0.160514231828225	-0.162462015215239	0.174897702007581	0.0132852014831218	0.983631643083464	0.986714798516878
6.12999999999991	-0.15067791539739	-0.152586908648646	0.173341741271453	0.0117099437366327	0.983631643083464	0.988290056263367
6.13999999999991	-0.140841598966556	-0.142696543518344	0.171884143699634	0.0102335141721975	0.983631643083464	0.989766485827802
6.14999999999991	-0.131005282535721	-0.132791908852603	0.170524909292122	0.00885606043154263	0.983631643083464	0.991143939568457
6.15999999999991	-0.121168966104887	-0.122873995106636	0.169264038048919	0.00757772025889392	0.983631643083464	0.992422279741106
6.16999999999991	-0.111332649674052	-0.112943794063554	0.168101529970025	0.00639862148720349	0.983631643083464	0.993601378512797
6.17999999999991	-0.101496333243218	-0.103002298735184	0.167037385055438	0.00531888202536601	0.983631643083464	0.994681117974634
6.18999999999991	-0.0916600168123835	-0.0930505032627764	0.16607160330516	0.00433860984642775	0.983631643083464	0.995661390153572
6.19999999999991	-0.0818237003815491	-0.083089402817584	0.165204184719191	0.00345790297678983	0.983631643083464	0.99654209702321
6.20999999999991	-0.0719873839507147	-0.0731199935013508	0.164435129297529	0.00267684948640523	0.983631643083464	0.997323150513595
6.21999999999991	-0.0621510675198802	-0.0631432722467005	0.163764437040176	0.00199552747997211	0.983631643083464	0.998004472520028
6.22999999999991	-0.0523147510890458	-0.0531602367174448	0.163192107947132	0.00141400508912337	0.983631643083464	0.998585994910877
6.23999999999991	-0.0424784346582114	-0.0431718852088174	0.162718142018396	0.000932340465613524	0.983631643083464	0.999067659534386
6.24999999999991	-0.0326421182273769	-0.0331792165476456	0.162342539253968	0.000550581775503489	0.983631643083464	0.999449418224497
6.25999999999991	-0.0228058017965425	-0.0231832299924682	0.162065299653848	0.00026876719434421	0.983631643083464	0.999731232805656
6.26999999999991	-0.0129694853657081	-0.013184925133611	0.161886423218037	8.69249033588204E-05	0.983631643083464	0.999913075096641
6.27999999999991	-0.00313316893487365	-0.0031853017932277	0.161805909946534	5.07308662511807E-06	0.983631643083464	0.999994926913375
